57
6
0 1 2 3 6 11 
6
0 1 2 4 6 12 
6
0 1 2 4 7 11 
6
0 1 2 6 11 12 
6
0 1 3 4 7 13 
6
0 1 3 4 8 9 
6
0 1 3 4 13 15 
6
0 1 3 5 6 8 
6
0 1 3 11 13 14 
6
0 1 4 5 6 8 
6
0 1 4 5 6 11 
6
0 1 4 5 8 9 
6
0 1 4 5 10 11 
6
0 1 4 7 8 14 
6
0 1 4 13 14 15 
6
0 1 5 6 7 12 
6
0 1 5 7 8 14 
6
0 1 7 9 12 13 
6
0 1 7 9 12 15 
6
0 1 7 9 13 15 
6
0 1 9 13 14 15 
6
0 2 3 6 9 13 
6
0 2 3 6 10 14 
6
0 2 3 9 12 13 
6
0 2 4 5 6 8 
6
0 2 4 5 6 10 
6
0 2 4 5 8 15 
6
0 2 4 5 9 12 
6
0 2 5 7 11 12 
6
0 2 6 7 10 14 
6
0 2 7 12 13 15 
6
0 2 8 11 12 15 
6
0 2 8 11 13 15 
6
0 2 10 11 12 14 
6
0 3 4 5 13 15 
6
0 3 4 8 10 14 
6
0 3 6 7 10 11 
6
0 3 6 10 11 15 
6
0 3 7 8 9 12 
6
0 3 7 8 10 11 
6
0 3 7 8 11 13 
6
0 3 8 12 14 15 
6
0 3 9 10 14 15 
6
0 3 11 12 13 15 
6
0 4 5 8 9 11 
6
0 4 5 10 11 14 
6
0 4 10 11 12 15 
6
0 5 6 8 11 12 
6
0 5 6 9 10 13 
6
0 5 6 13 14 15 
6
0 5 11 12 13 15 
6
0 6 9 10 13 14 
6
0 7 8 12 13 15 
6
0 7 9 10 13 14 
6
0 7 9 12 13 15 
6
0 7 9 13 14 15 
6
0 8 9 12 14 15 
10
0.333333 5.55112e-17 -0 0.333333 -0 -0 -0 -0 -0 -0 -0 -0 -0 -0 -0 -0 -0 -0 0.333333 -0 -0 -0 -0 -0 -0 -0 0.333333 -0 -0 -0 -0 -0 -0 -0 0.333333 0.333333 -0 -0 -0 -0 -0 -0 -0 -0 -0 -0 -0 0.333333 -0 -0 -0 -0 -0 0.666667 -0 -0 -0 
-0 -0 -0 -0 -0 -0 -0 -0 0.5 -0 -0 -0 -0 -0 -0 -0 -0 -0 0.5 -0 -0 -0 -0 -0 -0 1 -0 -0 -0 -0 -0 -0 -0 -0 -0 -0 -0 -0 -0 -0 0.5 -0 -0 -0 -0 -0 -0 -0 -0 -0 -0 -0 -0 -0 -0 -0 0.5 
-0 -0 -0 -0 -0 -0 -0 -0 -0 -0 -0 -0 -0 -0 -0 -0 1 -0 -0 -0 -0 1 -0 -0 -0 -0 -0 -0 -0 -0 -0 -0 -0 -0 -0 -0 -0 -0 -0 -0 -0 -0 -0 -0 -0 -0 1 -0 -0 -0 -0 -0 -0 -0 -0 -0 -7.07767e-16 
-0 0.5 -0 -0 -0 -0 -0 -0 -0 -0 -0 0 -0 -0 -0 -0 -0 -0 -0 -0 0.5 -0 -0 -0 -0 -0 -0 0.5 -0 -0 -0 -0 -0 -0 -0 -0 -0 -0 -0 1 -0 -0 -0 -0 -0 -0 -0 -0 -0 0.5 -0 -0 -0 -0 -0 -0 -0 
-0 -0 -0 -0 -0 0.142857 -0 -0 -0 -0 0.142857 -0 0.142857 0.142857 -0 -0 -0 0.142857 0.142857 0.142857 -0 -0 0.857143 -0 -0 -0 -0 -0 -0 -0 0.142857 -0 -0 -0 -0 -0 -0 -0 -0 -0 -0 -0 -0 -0 0.428571 -0 -0 -0 -0 -0 0.285714 -0 0.285714 -0 -0 -0 -0 
-0 -0 -0 -0 -0 -0 -0 -0 -0 -0 -0 1 -0 -0 -0 -0 -0 -0 -0 -0 -0 -0 -0 -0 -0 -0 -0 -0 -0 1 -0 -0 -0 -0 -0 -0 -0 -0 -0 -0 -0 -0 -0 1 -0 -0 -0 -0 -0 -0 -0 -0 -0 -0 -0 -0 -0 
-0 -0 -0 -0 0.5 -0 -0 -0 -0 0.5 -0 -0 -0 -0 -0 -0 -0 -0 -0 -0 -0 -0 -0 -0 -0 -0 -0 -0 0.5 -0 -0 0.5 -0 -0 -0 -0 -0 -0 -0 -0 -0 -0 0.5 -0 -0 -0 -0 -0 -0 -0 -0 0.5 -0 -0 -0 -0 -0 
-0 -0 1 -0 -0 -0 -0 0 -0 -0 -0 -0 -0 -0 -0 -0 -0 -0 -0 -0 -0 -0 -0 -0 -0 -0 -0 -0 -0 -0 -0 -0 -0 -0 -0 -0 -0 0 -0 -0 -0 1 -0 -0 -0 -0 -0 -0 1 -0 -0 -0 -0 -0 -0 -0 -0 
-0 -0 -0 -0 -0 -0 -0 -0 -0 -0 -0 0.333333 -0 -0 0.333333 0.333333 -0 -0 -0 -0 -0 -0 -0 0.333333 -0 -0 -0 -0 -0 0.333333 -0 -0 0.333333 -0 -0 -0 -0 0.333333 0.333333 -0 -0 -0 -0 -0 -0 0.333333 -0 -0 -0 -0 -0 -0 -0 -0 -0 -0 -0 
-0 -0 -0 -0 -0 -0 0.333333 0.333333 -0 -0 -0 0.333333 -0 -0 -0 -0 -0 -0 -0 -0 -0 -0 -0 -0 0.333333 -0 -0 -0 -0 -0 -0 -0 -0 0.666667 -0 -0 0.333333 -0 -0 -0 -0 -0 -0 -0 -0 -0 -0 -0 -0 -0 -0 -0 -0 -0 0.333333 0.333333 -0 
