10
8
0 1 2 3 4 5 6 7 
9
0 8 9 10 11 12 13 14 15 
8
0 1 4 5 8 9 12 13 
9
0 2 3 6 7 10 11 14 15 
9
0 1 3 5 7 9 11 13 15 
8
0 2 4 6 8 10 12 14 
8
0 1 4 5 10 11 14 15 
9
0 2 3 6 7 8 9 12 13 
9
0 1 3 5 7 8 10 12 14 
8
0 2 4 6 9 11 13 15 
100
-0 0 1 1 0 -0 -0 0 0 -0 
1 1 -0 0 0 -0 -0 -0 0 -0
1 1 -0 0 -0 -0 0 -0 0 -0
1 1 -0 0 -0 0 -0 0 -0 0
1 1 0 -0 0 -0 1.11022e-16 -0 5.55112e-17 -0
1 1 -0 0 -0 -0 -0 -0 -0 -0
0 -0 1 1 -0 -0 -0 0 -0 -0
-0 -0 -0 0 1 1 0 -0 0 -0
1 1 0 -0 0 -0 -0 -0 0 -0
1 1 -0 0 -0 -0 0 -0 -0 -0
-0 0 1 1 -0 0 -0 0 -0 -0
-0 0 1 1 -0 -0 -0 0 -0 -0
1 1 -0 0 -0 -0 -0 0 -0 -0
-0 0 -0 0 -0 -0 1 1 -0 -0
-0 0 1 1 -0 -0 -0 -0 0 -0
-0 0 1 1 -0 -0 -0 -0 0 -0
0 -0 1 1 -0 -0 -0 -0 0 -0
-0 -0 1 1 -0 -0 -0 -0 -0 -0
-0 -0 -0 0 -0 -0 1 1 0 -0
-0 0 1 1 -0 -0 -0 -0 -0 -0
0 -0 1 1 -0 -0 -0 0 -0 -0
-0 0 1 1 -0 -0 -0 -0 -0 -0
1 1 -0 0 0 -0 -0 0 -0 -0
-0 0 1 1 0 -0 -0 -0 -0 -0
1 1 -0 0 0 -0 -0 -0 -0 0
1 1 -0 0 -0 -0 0 -0 -0 -0
1 1 -0 0 -0 0 -0 -0 -0 -0
-0 0 1 1 -0 0 -0 0 -0 -0
-0 0 1 1 -0 -0 -0 -0 0 -0
1 1 -0 0 -0 -0 0 -0 -0 -0
1 1 -0 -0 0 -0 -0 -0 0 -0
1 1 -0 0 -0 -0 -0 0 -0 -0
-0 -0 1 1 -0 -0 -0 0 -0 -0
1 1 -0 0 -0 -0 -0 -0 0 -0
1 1 -0 0 -0 -0 -0 0 -0 -0
1 1 -0 0 -0 0 0 -0 0 -0
-0 0 1 1 -0 0 0 -0 0 -0
-0 -7.40149e-17 1 1 -0 -0 0 -0 -0 -1.11022e-16
0 -0 1 1 -0 -0 -1.11022e-16 -0 -3.70074e-17 -0
-0 0 1 1 -0 -0 -0 -0 0 -0
-0 1.31376e-16 1 1 -0 -0 1.60982e-16 -0 -0 -5.55112e-17
1 1 0 -0 -0 -0 -0 0 -0 -0
-0 0 1 1 -0 -0 0 -0 0 -0
0 -0 1 1 -0 -0 -0 0 -0 -0
0 -0 1 1 -0 -0 -0 0 -0 -0
0 -0 1 1 -0 -0 -0 -0 0 -0
-0 0 1 1 0 -0 -0 -0 0 -0
1 1 -0 0 0 -0 -0 -0 0 -0
1 1 -0 0 -0 0 0 -0 -0 0
1 1 -0 -0 -0 0 0 -0 -0 0
-0 0 1 1 0 -0 -0 -0 -0 -0
1 1 -0 -0 0 -0 -0 -0 0 -0
1 1 0 -0 0 -0 -0 0 -0 0
-0 0 1 1 0 -0 -0 0 -0 -0
-0 0 1 1 -0 -0 -0 -0 -0 0
-0 0 -0 0 -0 0 1 1 0 -0
0 -0 -0 0 -0 0 -0 0 1 1
1 1 -0 0 -0 0 -0 0 -0 0
-0 0 -0 0 1 1 -0 0 -0 0
-0 -0 1 1 -0 0 -0 0 0 -0
-0 -0 1 1 0 -0 -0 -0 0 -0
-0 0 1 1 -0 -0 -0 -0 0 -0
-0 0 1 1 -0 -0 -0 0 -0 -0
-0 0 1 1 -0 -0 -0 -0 -0 -0
1 1 -0 0 -0 0 0 -0 0 -0
-0 0 1 1 -0 -0 -0 -0 0 -0
-0 0 1 1 0 -0 -0 0 -0 -0
-0 -0 1 1 0 -0 -0 0 -0 -0
-0 0 1 1 -0 -0 -0 0 -0 -0
-0 5.55112e-17 1 1 -0 8.32667e-17 5.55112e-17 -0 -0 5.55112e-17
0 -0 1 1 -0 -0 -0 -0 -0 -0
0 -0 1 1 -0 -0 -0 -0 -0 -0
1 1 -0 0 -0 -0 -0 -0 -0 -0
1 1 0 -0 -0 -0 -0 0 -0 0
1 1 0 -0 0 -0 0 -0 -0 -0
1 1 -0 0 -0 -0 0 -0 -0 0
-0 0 1 1 -0 -0 0 -0 -0 0
-0 0 1 1 -0 -0 0 -0 -0 0
1 1 -0 0 -0 -0 0 -0 -0 0
1 1 0 -0 -0 -0 0 -0 0 -0
1 1 -0 -0 0 -0 -0 0 -0 -0
1 1 -0 0 -0 -0 -0 0 -0 0
1 1 -0 0 -0 -0 -0 -0 -0 0
1 1 0 -0 0 -0 -0 -0 -0 0
1 1 0 -0 -0 -0 -0 -0 -0 0
1 1 -0 0 -0 0 -0 0 0 -0
-0 0 1 1 0 -0 -0 0 -0 -0
1 1 -0 0 -0 -0 -0 0 -0 0
1 1 -0 -0 0 -0 -0 0 0 -0
-0 -0 1 1 -0 -0 -0 0 0 -0
1 1 -0 0 -0 0 -0 0 -0 0
-0 0 1 1 -0 -0 -0 0 -0 -0
1 1 -0 0 -0 0 0 -0 0 -0
-0 -0 1 1 -0 -0 0 -0 -0 -0
0 -0 1 1 -0 -0 -0 -0 0 -0
1 1 -0 0 -0 -0 -0 -0 -0 0
1 1 -0 -0 0 -0 0 -0 -0 -0
1 1 -0 0 -0 -0 -0 -0 -0 -0
-0 0 1 1 -0 -0 -0 0 -0 -0
-0 0 1 1 0 -0 -0 -0 0 -0
