105
3
0 1 2 
3
0 1 3 
3
0 1 4 
3
0 1 5 
3
0 1 6 
3
0 1 7 
3
0 1 8 
3
0 1 9 
3
0 1 10 
3
0 1 11 
3
0 1 12 
3
0 1 13 
3
0 1 14 
3
0 1 15 
3
0 2 3 
3
0 2 4 
3
0 2 5 
3
0 2 6 
3
0 2 7 
3
0 2 8 
3
0 2 9 
3
0 2 10 
3
0 2 11 
3
0 2 12 
3
0 2 13 
3
0 2 14 
3
0 2 15 
3
0 3 4 
3
0 3 5 
3
0 3 6 
3
0 3 7 
3
0 3 8 
3
0 3 9 
3
0 3 10 
3
0 3 11 
3
0 3 12 
3
0 3 13 
3
0 3 14 
3
0 3 15 
3
0 4 5 
3
0 4 6 
3
0 4 7 
3
0 4 8 
3
0 4 9 
3
0 4 10 
3
0 4 11 
3
0 4 12 
3
0 4 13 
3
0 4 14 
3
0 4 15 
3
0 5 6 
3
0 5 7 
3
0 5 8 
3
0 5 9 
3
0 5 10 
3
0 5 11 
3
0 5 12 
3
0 5 13 
3
0 5 14 
3
0 5 15 
3
0 6 7 
3
0 6 8 
3
0 6 9 
3
0 6 10 
3
0 6 11 
3
0 6 12 
3
0 6 13 
3
0 6 14 
3
0 6 15 
3
0 7 8 
3
0 7 9 
3
0 7 10 
3
0 7 11 
3
0 7 12 
3
0 7 13 
3
0 7 14 
3
0 7 15 
3
0 8 9 
3
0 8 10 
3
0 8 11 
3
0 8 12 
3
0 8 13 
3
0 8 14 
3
0 8 15 
3
0 9 10 
3
0 9 11 
3
0 9 12 
3
0 9 13 
3
0 9 14 
3
0 9 15 
3
0 10 11 
3
0 10 12 
3
0 10 13 
3
0 10 14 
3
0 10 15 
3
0 11 12 
3
0 11 13 
3
0 11 14 
3
0 11 15 
3
0 12 13 
3
0 12 14 
3
0 12 15 
3
0 13 14 
3
0 13 15 
3
0 14 15 
10
-0 -0 -0 -0 -0 -0 -0 -0 -0 -0 1 -0 -0 -0 -0 1 0 0 -0 -0 -0 -0 -0 0 -0 -0 -0 -0 -0 -0 -0 -0 -0 -0 1 -0 -0 0 -0 -0 -0 -0 0 -0 -0 -0 -0 -0 -0 -0 -0 0.5 -0 -0 0.5 -0 -0 -0 -0 -0 -0 -0 -0 -0 -0 -0 -0 1 -0 -0 -0 0.5 -0 -0 -0 -0 -0 -0 -0 -0 -0 -0 -0 1 -0 -0 -0 1 -0 -0 -0 -0 -0 -0 -0 -0 -0 -0 -0 -0 -0 -0 -0 -0 -0 
-0 -0 0.5 -0 -0 -0 -0 -0 -0 -0 0.5 -0 -0 -0 -0 -0 -0 1 -0 0 -0 -0 0 -0 -0 0 -0 -0 -0 -0 -0 -0 0 -0 -0 0 -0 1 -0 -0 -0 -0 -0 -0 0.5 -0 -0 -0 -0 -0 -0 -0 -0 -0 0.5 -0 0.5 -0 -0 -0 -0 -0 -0 -0 -0 -0 -0 -0 -0 -0 -0 -0 1 -0 -0 -0 -0 -0 -0 -0 -0 -0 -0 1 -0 -0 -0 1 -0 -0 -0 -0 -0 -0 -0 -0 -0 -0 -0 -0 -0 -0 -0 -0 -0 
-0 -0 0 -0 -0 -0 -0 1 -0 -0 -0 -0 -0 -0 -0 -0 -0 1 -0 0 -0 -0 0 -0 -0 0 -0 -0 -0 -0 -0 -0 0 -0 -0 -0 -0 1 -0 0.5 -0 -0 -0 -0 0.5 -0 -0 -0 -0 -0 -0 -0 -0 -0 0.5 -0 -0 -0 -0 -0 -0 -0 -0 -0 -0 -0 -0 -0 -0 -0 -0 -0 1 -0 -0 -0 -0 -0 -0 -0 -0 -0 -0 1 -0 -0 -0 0 -0 -0 -0 -0 -0 -0 -0 -0 -0 -0 -0 1 -0 -0 -0 -0 -0 
-0 -0 0 -0 -0 -0 -0 1 -0 -0 -0 -0 -0 -0 -0 -0 -0 1 -0 0 -0 -0 0 -0 -0 0 -0 -0 -0 -0 -0 -0 0 -0 -0 -0 -0 1 -0 0.5 -0 -0 -0 -0 0.5 -0 -0 -0 -0 -0 -0 -0 -0 -0 0.5 -0 -0 -0 -0 -0 -0 -0 -0 -0 -0 -0 -0 -0 -0 -0 -0 -0 1 -0 -0 -0 -0 -0 -0 -0 -0 -0 -0 1 -0 -0 -0 0 -0 -0 -0 -0 -0 -0 -0 -0 -0 -0 -0 1 -0 -0 -0 -0 -0 
-0 -0 1 -0 -0 -0 -0 0 -0 -0 -0 -0 -0 -0 1 -0 -0 -0 -0 -0 -0 -0 -0 -0 -0 -0 -0 -0 -0 -0 -0 -0 0 -0 -0 -0 -0 -0 -0 -0 -0 -0 -0 -0 -0 -0 -0 -0 -0 -0 -0 -0 -0 -0 1 -0 -0 -0 -0 -0 -0 -0 -0 -0 -0 -0 -0 1 -0 -0 -0 -0 1 -0 -0 -0 -0 0 -0 -0 -0 -0 -0 1 0 0 0.5 0.5 0 -0 -0 -0 -0 -0 -0 -0 -0 -0 -0 0.5 -0 -0 -0 -0 -0 
-0 -0 1 0 -0 -0 -0 -0 -0 -0 -0 -0 -0 -0 0 -0 -0 -0 1 -0 -0 -0 -0 -0 -0 -0 -0 -0 -0 -0 -0 -0 0 -0 1 -0 -0 -0 -0 -0 -0 -0 -0 -0 -0 -0 -0 -0 -0 -0 -0 -0 -0 -0 1 -0 -0 -0 -0 -0 -0 1 -0 -0 -0 -0 -0 -0 -0 -0 -0 -0 -0 -0 -0 -0 -0 0 -0 -0 -0 -0 -0 0 0 -0 0.5 0.5 -0 -0 -0 -0 -0 -0 -0 -0 -0 -0 -0 0.5 -0 -0 -0 -0 1 
-0 -0 1 0 -0 -0 -0 -0 -0 -0 -0 -0 -0 -0 -0 -0 -0 -0 -0 -0 -0 1 -0 -0 -0 -0 -0 -0 -0 -0 -0 -0 0 -0 1 -0 -0 -0 -0 -0 -0 -0 -0 -0 -0 -0 -0 -0 -0 -0 -0 -0 -0 -0 0 -0 0.5 -0 -0 0.5 1 -0 -0 -0 -0 -0 -0 -0 -0 -0 -0 -0 -0 -0 -0 -0 0 1 -0 -0 -0 -0 -0 -0 0 -0 -0 -0 -0 -0 -0 -0 -0 -0 -0 -0 -0 -0 -0 -0 -0 0.5 1 -0 0 
-0 -0 1 0 -0 -0 -0 -0 -0 -0 -0 -0 -0 -0 -0 -0 -0 -0 -0 -0 -0 1 -0 -0 -0 -0 -0 -0 -0 -0 -0 -0 0 -0 1 -0 -0 -0 -0 -0 -0 -0 -0 -0 -0 -0 -0 -0 -0 -0 -0 0 -0 -0 0 -0 1 -0 -0 -0 1 -0 -0 -0 -0 -0 -0 -0 -0 -0 -0 -0 -0 0 -0 -0 -0 1 -0 -0 -0 -0 -0 -0 0 -0 -0 -0 -0 -0 -0 -0 -0 -0 -0 -0 -0 -0 -0 -0 -0 -0 0.5 0.5 0.5 
-0 -0 1 0 -0 -0 -0 -0 -0 -0 -0 -0 -0 -0 -0 -0 -0 -0 -0 -0 -0 1 -0 -0 -0 -0 -0 -0 -0 -0 -0 -0 -0 -0 0 -0 -0 -0 1 -0 -0 -0 -0 -0 -0 -0 -0 -0 -0 -0 -0 0 -0 -0 0 -0 1 -0 -0 -0 1 -0 -0 -0 -0 -0 -0 -0 -0 -0 -0 -0 -0 0 -0 -0 -0 1 -0 -0 -0 -0 -0 -0 0 -0 -0 -0 -0 -0 -0 -0 -0 -0 -0 -0 0.5 0.5 -0 -0 -0 -0 0.5 -0 -0 
-0 0 1 -0 -0 -0 -0 -0 -0 -0 -0 -0 -0 -0 1 -0 -0 -0 -0 -0 -0 -0 -0 -0 -0 -0 -0 -0 -0 -0 -0 -0 -0 -0 -0 -0 -0 -0 0 -0 -0 -0 -0 -0 -0 -0 -0 -0 -0 -0 -0 -0 -0 -0 -0 0.5 0.5 -0 -0 -0 1 -0 -0 -0 -0 -0 -0 -0 -0 -0 -0 -0 -0 0 -0 -0 -0 1 -0 -0 -0 -0 -0 -0 0 -0 -0 -0 -0 -0 -0 -0 0.5 -0 0.5 -0 -0 -0 0.5 -0 0.5 -0 0.5 -0 -0 
