1820
4
0 1 2 3 
4
0 1 2 4 
4
0 1 2 5 
4
0 1 2 6 
4
0 1 2 7 
4
0 1 2 8 
4
0 1 2 9 
4
0 1 2 10 
4
0 1 2 11 
4
0 1 2 12 
4
0 1 2 13 
4
0 1 2 14 
4
0 1 2 15 
4
0 1 3 4 
4
0 1 3 5 
4
0 1 3 6 
4
0 1 3 7 
4
0 1 3 8 
4
0 1 3 9 
4
0 1 3 10 
4
0 1 3 11 
4
0 1 3 12 
4
0 1 3 13 
4
0 1 3 14 
4
0 1 3 15 
4
0 1 4 5 
4
0 1 4 6 
4
0 1 4 7 
4
0 1 4 8 
4
0 1 4 9 
4
0 1 4 10 
4
0 1 4 11 
4
0 1 4 12 
4
0 1 4 13 
4
0 1 4 14 
4
0 1 4 15 
4
0 1 5 6 
4
0 1 5 7 
4
0 1 5 8 
4
0 1 5 9 
4
0 1 5 10 
4
0 1 5 11 
4
0 1 5 12 
4
0 1 5 13 
4
0 1 5 14 
4
0 1 5 15 
4
0 1 6 7 
4
0 1 6 8 
4
0 1 6 9 
4
0 1 6 10 
4
0 1 6 11 
4
0 1 6 12 
4
0 1 6 13 
4
0 1 6 14 
4
0 1 6 15 
4
0 1 7 8 
4
0 1 7 9 
4
0 1 7 10 
4
0 1 7 11 
4
0 1 7 12 
4
0 1 7 13 
4
0 1 7 14 
4
0 1 7 15 
4
0 1 8 9 
4
0 1 8 10 
4
0 1 8 11 
4
0 1 8 12 
4
0 1 8 13 
4
0 1 8 14 
4
0 1 8 15 
4
0 1 9 10 
4
0 1 9 11 
4
0 1 9 12 
4
0 1 9 13 
4
0 1 9 14 
4
0 1 9 15 
4
0 1 10 11 
4
0 1 10 12 
4
0 1 10 13 
4
0 1 10 14 
4
0 1 10 15 
4
0 1 11 12 
4
0 1 11 13 
4
0 1 11 14 
4
0 1 11 15 
4
0 1 12 13 
4
0 1 12 14 
4
0 1 12 15 
4
0 1 13 14 
4
0 1 13 15 
4
0 1 14 15 
4
0 2 3 4 
4
0 2 3 5 
4
0 2 3 6 
4
0 2 3 7 
4
0 2 3 8 
4
0 2 3 9 
4
0 2 3 10 
4
0 2 3 11 
4
0 2 3 12 
4
0 2 3 13 
4
0 2 3 14 
4
0 2 3 15 
4
0 2 4 5 
4
0 2 4 6 
4
0 2 4 7 
4
0 2 4 8 
4
0 2 4 9 
4
0 2 4 10 
4
0 2 4 11 
4
0 2 4 12 
4
0 2 4 13 
4
0 2 4 14 
4
0 2 4 15 
4
0 2 5 6 
4
0 2 5 7 
4
0 2 5 8 
4
0 2 5 9 
4
0 2 5 10 
4
0 2 5 11 
4
0 2 5 12 
4
0 2 5 13 
4
0 2 5 14 
4
0 2 5 15 
4
0 2 6 7 
4
0 2 6 8 
4
0 2 6 9 
4
0 2 6 10 
4
0 2 6 11 
4
0 2 6 12 
4
0 2 6 13 
4
0 2 6 14 
4
0 2 6 15 
4
0 2 7 8 
4
0 2 7 9 
4
0 2 7 10 
4
0 2 7 11 
4
0 2 7 12 
4
0 2 7 13 
4
0 2 7 14 
4
0 2 7 15 
4
0 2 8 9 
4
0 2 8 10 
4
0 2 8 11 
4
0 2 8 12 
4
0 2 8 13 
4
0 2 8 14 
4
0 2 8 15 
4
0 2 9 10 
4
0 2 9 11 
4
0 2 9 12 
4
0 2 9 13 
4
0 2 9 14 
4
0 2 9 15 
4
0 2 10 11 
4
0 2 10 12 
4
0 2 10 13 
4
0 2 10 14 
4
0 2 10 15 
4
0 2 11 12 
4
0 2 11 13 
4
0 2 11 14 
4
0 2 11 15 
4
0 2 12 13 
4
0 2 12 14 
4
0 2 12 15 
4
0 2 13 14 
4
0 2 13 15 
4
0 2 14 15 
4
0 3 4 5 
4
0 3 4 6 
4
0 3 4 7 
4
0 3 4 8 
4
0 3 4 9 
4
0 3 4 10 
4
0 3 4 11 
4
0 3 4 12 
4
0 3 4 13 
4
0 3 4 14 
4
0 3 4 15 
4
0 3 5 6 
4
0 3 5 7 
4
0 3 5 8 
4
0 3 5 9 
4
0 3 5 10 
4
0 3 5 11 
4
0 3 5 12 
4
0 3 5 13 
4
0 3 5 14 
4
0 3 5 15 
4
0 3 6 7 
4
0 3 6 8 
4
0 3 6 9 
4
0 3 6 10 
4
0 3 6 11 
4
0 3 6 12 
4
0 3 6 13 
4
0 3 6 14 
4
0 3 6 15 
4
0 3 7 8 
4
0 3 7 9 
4
0 3 7 10 
4
0 3 7 11 
4
0 3 7 12 
4
0 3 7 13 
4
0 3 7 14 
4
0 3 7 15 
4
0 3 8 9 
4
0 3 8 10 
4
0 3 8 11 
4
0 3 8 12 
4
0 3 8 13 
4
0 3 8 14 
4
0 3 8 15 
4
0 3 9 10 
4
0 3 9 11 
4
0 3 9 12 
4
0 3 9 13 
4
0 3 9 14 
4
0 3 9 15 
4
0 3 10 11 
4
0 3 10 12 
4
0 3 10 13 
4
0 3 10 14 
4
0 3 10 15 
4
0 3 11 12 
4
0 3 11 13 
4
0 3 11 14 
4
0 3 11 15 
4
0 3 12 13 
4
0 3 12 14 
4
0 3 12 15 
4
0 3 13 14 
4
0 3 13 15 
4
0 3 14 15 
4
0 4 5 6 
4
0 4 5 7 
4
0 4 5 8 
4
0 4 5 9 
4
0 4 5 10 
4
0 4 5 11 
4
0 4 5 12 
4
0 4 5 13 
4
0 4 5 14 
4
0 4 5 15 
4
0 4 6 7 
4
0 4 6 8 
4
0 4 6 9 
4
0 4 6 10 
4
0 4 6 11 
4
0 4 6 12 
4
0 4 6 13 
4
0 4 6 14 
4
0 4 6 15 
4
0 4 7 8 
4
0 4 7 9 
4
0 4 7 10 
4
0 4 7 11 
4
0 4 7 12 
4
0 4 7 13 
4
0 4 7 14 
4
0 4 7 15 
4
0 4 8 9 
4
0 4 8 10 
4
0 4 8 11 
4
0 4 8 12 
4
0 4 8 13 
4
0 4 8 14 
4
0 4 8 15 
4
0 4 9 10 
4
0 4 9 11 
4
0 4 9 12 
4
0 4 9 13 
4
0 4 9 14 
4
0 4 9 15 
4
0 4 10 11 
4
0 4 10 12 
4
0 4 10 13 
4
0 4 10 14 
4
0 4 10 15 
4
0 4 11 12 
4
0 4 11 13 
4
0 4 11 14 
4
0 4 11 15 
4
0 4 12 13 
4
0 4 12 14 
4
0 4 12 15 
4
0 4 13 14 
4
0 4 13 15 
4
0 4 14 15 
4
0 5 6 7 
4
0 5 6 8 
4
0 5 6 9 
4
0 5 6 10 
4
0 5 6 11 
4
0 5 6 12 
4
0 5 6 13 
4
0 5 6 14 
4
0 5 6 15 
4
0 5 7 8 
4
0 5 7 9 
4
0 5 7 10 
4
0 5 7 11 
4
0 5 7 12 
4
0 5 7 13 
4
0 5 7 14 
4
0 5 7 15 
4
0 5 8 9 
4
0 5 8 10 
4
0 5 8 11 
4
0 5 8 12 
4
0 5 8 13 
4
0 5 8 14 
4
0 5 8 15 
4
0 5 9 10 
4
0 5 9 11 
4
0 5 9 12 
4
0 5 9 13 
4
0 5 9 14 
4
0 5 9 15 
4
0 5 10 11 
4
0 5 10 12 
4
0 5 10 13 
4
0 5 10 14 
4
0 5 10 15 
4
0 5 11 12 
4
0 5 11 13 
4
0 5 11 14 
4
0 5 11 15 
4
0 5 12 13 
4
0 5 12 14 
4
0 5 12 15 
4
0 5 13 14 
4
0 5 13 15 
4
0 5 14 15 
4
0 6 7 8 
4
0 6 7 9 
4
0 6 7 10 
4
0 6 7 11 
4
0 6 7 12 
4
0 6 7 13 
4
0 6 7 14 
4
0 6 7 15 
4
0 6 8 9 
4
0 6 8 10 
4
0 6 8 11 
4
0 6 8 12 
4
0 6 8 13 
4
0 6 8 14 
4
0 6 8 15 
4
0 6 9 10 
4
0 6 9 11 
4
0 6 9 12 
4
0 6 9 13 
4
0 6 9 14 
4
0 6 9 15 
4
0 6 10 11 
4
0 6 10 12 
4
0 6 10 13 
4
0 6 10 14 
4
0 6 10 15 
4
0 6 11 12 
4
0 6 11 13 
4
0 6 11 14 
4
0 6 11 15 
4
0 6 12 13 
4
0 6 12 14 
4
0 6 12 15 
4
0 6 13 14 
4
0 6 13 15 
4
0 6 14 15 
4
0 7 8 9 
4
0 7 8 10 
4
0 7 8 11 
4
0 7 8 12 
4
0 7 8 13 
4
0 7 8 14 
4
0 7 8 15 
4
0 7 9 10 
4
0 7 9 11 
4
0 7 9 12 
4
0 7 9 13 
4
0 7 9 14 
4
0 7 9 15 
4
0 7 10 11 
4
0 7 10 12 
4
0 7 10 13 
4
0 7 10 14 
4
0 7 10 15 
4
0 7 11 12 
4
0 7 11 13 
4
0 7 11 14 
4
0 7 11 15 
4
0 7 12 13 
4
0 7 12 14 
4
0 7 12 15 
4
0 7 13 14 
4
0 7 13 15 
4
0 7 14 15 
4
0 8 9 10 
4
0 8 9 11 
4
0 8 9 12 
4
0 8 9 13 
4
0 8 9 14 
4
0 8 9 15 
4
0 8 10 11 
4
0 8 10 12 
4
0 8 10 13 
4
0 8 10 14 
4
0 8 10 15 
4
0 8 11 12 
4
0 8 11 13 
4
0 8 11 14 
4
0 8 11 15 
4
0 8 12 13 
4
0 8 12 14 
4
0 8 12 15 
4
0 8 13 14 
4
0 8 13 15 
4
0 8 14 15 
4
0 9 10 11 
4
0 9 10 12 
4
0 9 10 13 
4
0 9 10 14 
4
0 9 10 15 
4
0 9 11 12 
4
0 9 11 13 
4
0 9 11 14 
4
0 9 11 15 
4
0 9 12 13 
4
0 9 12 14 
4
0 9 12 15 
4
0 9 13 14 
4
0 9 13 15 
4
0 9 14 15 
4
0 10 11 12 
4
0 10 11 13 
4
0 10 11 14 
4
0 10 11 15 
4
0 10 12 13 
4
0 10 12 14 
4
0 10 12 15 
4
0 10 13 14 
4
0 10 13 15 
4
0 10 14 15 
4
0 11 12 13 
4
0 11 12 14 
4
0 11 12 15 
4
0 11 13 14 
4
0 11 13 15 
4
0 11 14 15 
4
0 12 13 14 
4
0 12 13 15 
4
0 12 14 15 
4
0 13 14 15 
5
0 1 2 3 4 
5
0 1 2 3 5 
5
0 1 2 3 6 
5
0 1 2 3 7 
5
0 1 2 3 8 
5
0 1 2 3 9 
5
0 1 2 3 10 
5
0 1 2 3 11 
5
0 1 2 3 12 
5
0 1 2 3 13 
5
0 1 2 3 14 
5
0 1 2 3 15 
5
0 1 2 4 5 
5
0 1 2 4 6 
5
0 1 2 4 7 
5
0 1 2 4 8 
5
0 1 2 4 9 
5
0 1 2 4 10 
5
0 1 2 4 11 
5
0 1 2 4 12 
5
0 1 2 4 13 
5
0 1 2 4 14 
5
0 1 2 4 15 
5
0 1 2 5 6 
5
0 1 2 5 7 
5
0 1 2 5 8 
5
0 1 2 5 9 
5
0 1 2 5 10 
5
0 1 2 5 11 
5
0 1 2 5 12 
5
0 1 2 5 13 
5
0 1 2 5 14 
5
0 1 2 5 15 
5
0 1 2 6 7 
5
0 1 2 6 8 
5
0 1 2 6 9 
5
0 1 2 6 10 
5
0 1 2 6 11 
5
0 1 2 6 12 
5
0 1 2 6 13 
5
0 1 2 6 14 
5
0 1 2 6 15 
5
0 1 2 7 8 
5
0 1 2 7 9 
5
0 1 2 7 10 
5
0 1 2 7 11 
5
0 1 2 7 12 
5
0 1 2 7 13 
5
0 1 2 7 14 
5
0 1 2 7 15 
5
0 1 2 8 9 
5
0 1 2 8 10 
5
0 1 2 8 11 
5
0 1 2 8 12 
5
0 1 2 8 13 
5
0 1 2 8 14 
5
0 1 2 8 15 
5
0 1 2 9 10 
5
0 1 2 9 11 
5
0 1 2 9 12 
5
0 1 2 9 13 
5
0 1 2 9 14 
5
0 1 2 9 15 
5
0 1 2 10 11 
5
0 1 2 10 12 
5
0 1 2 10 13 
5
0 1 2 10 14 
5
0 1 2 10 15 
5
0 1 2 11 12 
5
0 1 2 11 13 
5
0 1 2 11 14 
5
0 1 2 11 15 
5
0 1 2 12 13 
5
0 1 2 12 14 
5
0 1 2 12 15 
5
0 1 2 13 14 
5
0 1 2 13 15 
5
0 1 2 14 15 
5
0 1 3 4 5 
5
0 1 3 4 6 
5
0 1 3 4 7 
5
0 1 3 4 8 
5
0 1 3 4 9 
5
0 1 3 4 10 
5
0 1 3 4 11 
5
0 1 3 4 12 
5
0 1 3 4 13 
5
0 1 3 4 14 
5
0 1 3 4 15 
5
0 1 3 5 6 
5
0 1 3 5 7 
5
0 1 3 5 8 
5
0 1 3 5 9 
5
0 1 3 5 10 
5
0 1 3 5 11 
5
0 1 3 5 12 
5
0 1 3 5 13 
5
0 1 3 5 14 
5
0 1 3 5 15 
5
0 1 3 6 7 
5
0 1 3 6 8 
5
0 1 3 6 9 
5
0 1 3 6 10 
5
0 1 3 6 11 
5
0 1 3 6 12 
5
0 1 3 6 13 
5
0 1 3 6 14 
5
0 1 3 6 15 
5
0 1 3 7 8 
5
0 1 3 7 9 
5
0 1 3 7 10 
5
0 1 3 7 11 
5
0 1 3 7 12 
5
0 1 3 7 13 
5
0 1 3 7 14 
5
0 1 3 7 15 
5
0 1 3 8 9 
5
0 1 3 8 10 
5
0 1 3 8 11 
5
0 1 3 8 12 
5
0 1 3 8 13 
5
0 1 3 8 14 
5
0 1 3 8 15 
5
0 1 3 9 10 
5
0 1 3 9 11 
5
0 1 3 9 12 
5
0 1 3 9 13 
5
0 1 3 9 14 
5
0 1 3 9 15 
5
0 1 3 10 11 
5
0 1 3 10 12 
5
0 1 3 10 13 
5
0 1 3 10 14 
5
0 1 3 10 15 
5
0 1 3 11 12 
5
0 1 3 11 13 
5
0 1 3 11 14 
5
0 1 3 11 15 
5
0 1 3 12 13 
5
0 1 3 12 14 
5
0 1 3 12 15 
5
0 1 3 13 14 
5
0 1 3 13 15 
5
0 1 3 14 15 
5
0 1 4 5 6 
5
0 1 4 5 7 
5
0 1 4 5 8 
5
0 1 4 5 9 
5
0 1 4 5 10 
5
0 1 4 5 11 
5
0 1 4 5 12 
5
0 1 4 5 13 
5
0 1 4 5 14 
5
0 1 4 5 15 
5
0 1 4 6 7 
5
0 1 4 6 8 
5
0 1 4 6 9 
5
0 1 4 6 10 
5
0 1 4 6 11 
5
0 1 4 6 12 
5
0 1 4 6 13 
5
0 1 4 6 14 
5
0 1 4 6 15 
5
0 1 4 7 8 
5
0 1 4 7 9 
5
0 1 4 7 10 
5
0 1 4 7 11 
5
0 1 4 7 12 
5
0 1 4 7 13 
5
0 1 4 7 14 
5
0 1 4 7 15 
5
0 1 4 8 9 
5
0 1 4 8 10 
5
0 1 4 8 11 
5
0 1 4 8 12 
5
0 1 4 8 13 
5
0 1 4 8 14 
5
0 1 4 8 15 
5
0 1 4 9 10 
5
0 1 4 9 11 
5
0 1 4 9 12 
5
0 1 4 9 13 
5
0 1 4 9 14 
5
0 1 4 9 15 
5
0 1 4 10 11 
5
0 1 4 10 12 
5
0 1 4 10 13 
5
0 1 4 10 14 
5
0 1 4 10 15 
5
0 1 4 11 12 
5
0 1 4 11 13 
5
0 1 4 11 14 
5
0 1 4 11 15 
5
0 1 4 12 13 
5
0 1 4 12 14 
5
0 1 4 12 15 
5
0 1 4 13 14 
5
0 1 4 13 15 
5
0 1 4 14 15 
5
0 1 5 6 7 
5
0 1 5 6 8 
5
0 1 5 6 9 
5
0 1 5 6 10 
5
0 1 5 6 11 
5
0 1 5 6 12 
5
0 1 5 6 13 
5
0 1 5 6 14 
5
0 1 5 6 15 
5
0 1 5 7 8 
5
0 1 5 7 9 
5
0 1 5 7 10 
5
0 1 5 7 11 
5
0 1 5 7 12 
5
0 1 5 7 13 
5
0 1 5 7 14 
5
0 1 5 7 15 
5
0 1 5 8 9 
5
0 1 5 8 10 
5
0 1 5 8 11 
5
0 1 5 8 12 
5
0 1 5 8 13 
5
0 1 5 8 14 
5
0 1 5 8 15 
5
0 1 5 9 10 
5
0 1 5 9 11 
5
0 1 5 9 12 
5
0 1 5 9 13 
5
0 1 5 9 14 
5
0 1 5 9 15 
5
0 1 5 10 11 
5
0 1 5 10 12 
5
0 1 5 10 13 
5
0 1 5 10 14 
5
0 1 5 10 15 
5
0 1 5 11 12 
5
0 1 5 11 13 
5
0 1 5 11 14 
5
0 1 5 11 15 
5
0 1 5 12 13 
5
0 1 5 12 14 
5
0 1 5 12 15 
5
0 1 5 13 14 
5
0 1 5 13 15 
5
0 1 5 14 15 
5
0 1 6 7 8 
5
0 1 6 7 9 
5
0 1 6 7 10 
5
0 1 6 7 11 
5
0 1 6 7 12 
5
0 1 6 7 13 
5
0 1 6 7 14 
5
0 1 6 7 15 
5
0 1 6 8 9 
5
0 1 6 8 10 
5
0 1 6 8 11 
5
0 1 6 8 12 
5
0 1 6 8 13 
5
0 1 6 8 14 
5
0 1 6 8 15 
5
0 1 6 9 10 
5
0 1 6 9 11 
5
0 1 6 9 12 
5
0 1 6 9 13 
5
0 1 6 9 14 
5
0 1 6 9 15 
5
0 1 6 10 11 
5
0 1 6 10 12 
5
0 1 6 10 13 
5
0 1 6 10 14 
5
0 1 6 10 15 
5
0 1 6 11 12 
5
0 1 6 11 13 
5
0 1 6 11 14 
5
0 1 6 11 15 
5
0 1 6 12 13 
5
0 1 6 12 14 
5
0 1 6 12 15 
5
0 1 6 13 14 
5
0 1 6 13 15 
5
0 1 6 14 15 
5
0 1 7 8 9 
5
0 1 7 8 10 
5
0 1 7 8 11 
5
0 1 7 8 12 
5
0 1 7 8 13 
5
0 1 7 8 14 
5
0 1 7 8 15 
5
0 1 7 9 10 
5
0 1 7 9 11 
5
0 1 7 9 12 
5
0 1 7 9 13 
5
0 1 7 9 14 
5
0 1 7 9 15 
5
0 1 7 10 11 
5
0 1 7 10 12 
5
0 1 7 10 13 
5
0 1 7 10 14 
5
0 1 7 10 15 
5
0 1 7 11 12 
5
0 1 7 11 13 
5
0 1 7 11 14 
5
0 1 7 11 15 
5
0 1 7 12 13 
5
0 1 7 12 14 
5
0 1 7 12 15 
5
0 1 7 13 14 
5
0 1 7 13 15 
5
0 1 7 14 15 
5
0 1 8 9 10 
5
0 1 8 9 11 
5
0 1 8 9 12 
5
0 1 8 9 13 
5
0 1 8 9 14 
5
0 1 8 9 15 
5
0 1 8 10 11 
5
0 1 8 10 12 
5
0 1 8 10 13 
5
0 1 8 10 14 
5
0 1 8 10 15 
5
0 1 8 11 12 
5
0 1 8 11 13 
5
0 1 8 11 14 
5
0 1 8 11 15 
5
0 1 8 12 13 
5
0 1 8 12 14 
5
0 1 8 12 15 
5
0 1 8 13 14 
5
0 1 8 13 15 
5
0 1 8 14 15 
5
0 1 9 10 11 
5
0 1 9 10 12 
5
0 1 9 10 13 
5
0 1 9 10 14 
5
0 1 9 10 15 
5
0 1 9 11 12 
5
0 1 9 11 13 
5
0 1 9 11 14 
5
0 1 9 11 15 
5
0 1 9 12 13 
5
0 1 9 12 14 
5
0 1 9 12 15 
5
0 1 9 13 14 
5
0 1 9 13 15 
5
0 1 9 14 15 
5
0 1 10 11 12 
5
0 1 10 11 13 
5
0 1 10 11 14 
5
0 1 10 11 15 
5
0 1 10 12 13 
5
0 1 10 12 14 
5
0 1 10 12 15 
5
0 1 10 13 14 
5
0 1 10 13 15 
5
0 1 10 14 15 
5
0 1 11 12 13 
5
0 1 11 12 14 
5
0 1 11 12 15 
5
0 1 11 13 14 
5
0 1 11 13 15 
5
0 1 11 14 15 
5
0 1 12 13 14 
5
0 1 12 13 15 
5
0 1 12 14 15 
5
0 1 13 14 15 
5
0 2 3 4 5 
5
0 2 3 4 6 
5
0 2 3 4 7 
5
0 2 3 4 8 
5
0 2 3 4 9 
5
0 2 3 4 10 
5
0 2 3 4 11 
5
0 2 3 4 12 
5
0 2 3 4 13 
5
0 2 3 4 14 
5
0 2 3 4 15 
5
0 2 3 5 6 
5
0 2 3 5 7 
5
0 2 3 5 8 
5
0 2 3 5 9 
5
0 2 3 5 10 
5
0 2 3 5 11 
5
0 2 3 5 12 
5
0 2 3 5 13 
5
0 2 3 5 14 
5
0 2 3 5 15 
5
0 2 3 6 7 
5
0 2 3 6 8 
5
0 2 3 6 9 
5
0 2 3 6 10 
5
0 2 3 6 11 
5
0 2 3 6 12 
5
0 2 3 6 13 
5
0 2 3 6 14 
5
0 2 3 6 15 
5
0 2 3 7 8 
5
0 2 3 7 9 
5
0 2 3 7 10 
5
0 2 3 7 11 
5
0 2 3 7 12 
5
0 2 3 7 13 
5
0 2 3 7 14 
5
0 2 3 7 15 
5
0 2 3 8 9 
5
0 2 3 8 10 
5
0 2 3 8 11 
5
0 2 3 8 12 
5
0 2 3 8 13 
5
0 2 3 8 14 
5
0 2 3 8 15 
5
0 2 3 9 10 
5
0 2 3 9 11 
5
0 2 3 9 12 
5
0 2 3 9 13 
5
0 2 3 9 14 
5
0 2 3 9 15 
5
0 2 3 10 11 
5
0 2 3 10 12 
5
0 2 3 10 13 
5
0 2 3 10 14 
5
0 2 3 10 15 
5
0 2 3 11 12 
5
0 2 3 11 13 
5
0 2 3 11 14 
5
0 2 3 11 15 
5
0 2 3 12 13 
5
0 2 3 12 14 
5
0 2 3 12 15 
5
0 2 3 13 14 
5
0 2 3 13 15 
5
0 2 3 14 15 
5
0 2 4 5 6 
5
0 2 4 5 7 
5
0 2 4 5 8 
5
0 2 4 5 9 
5
0 2 4 5 10 
5
0 2 4 5 11 
5
0 2 4 5 12 
5
0 2 4 5 13 
5
0 2 4 5 14 
5
0 2 4 5 15 
5
0 2 4 6 7 
5
0 2 4 6 8 
5
0 2 4 6 9 
5
0 2 4 6 10 
5
0 2 4 6 11 
5
0 2 4 6 12 
5
0 2 4 6 13 
5
0 2 4 6 14 
5
0 2 4 6 15 
5
0 2 4 7 8 
5
0 2 4 7 9 
5
0 2 4 7 10 
5
0 2 4 7 11 
5
0 2 4 7 12 
5
0 2 4 7 13 
5
0 2 4 7 14 
5
0 2 4 7 15 
5
0 2 4 8 9 
5
0 2 4 8 10 
5
0 2 4 8 11 
5
0 2 4 8 12 
5
0 2 4 8 13 
5
0 2 4 8 14 
5
0 2 4 8 15 
5
0 2 4 9 10 
5
0 2 4 9 11 
5
0 2 4 9 12 
5
0 2 4 9 13 
5
0 2 4 9 14 
5
0 2 4 9 15 
5
0 2 4 10 11 
5
0 2 4 10 12 
5
0 2 4 10 13 
5
0 2 4 10 14 
5
0 2 4 10 15 
5
0 2 4 11 12 
5
0 2 4 11 13 
5
0 2 4 11 14 
5
0 2 4 11 15 
5
0 2 4 12 13 
5
0 2 4 12 14 
5
0 2 4 12 15 
5
0 2 4 13 14 
5
0 2 4 13 15 
5
0 2 4 14 15 
5
0 2 5 6 7 
5
0 2 5 6 8 
5
0 2 5 6 9 
5
0 2 5 6 10 
5
0 2 5 6 11 
5
0 2 5 6 12 
5
0 2 5 6 13 
5
0 2 5 6 14 
5
0 2 5 6 15 
5
0 2 5 7 8 
5
0 2 5 7 9 
5
0 2 5 7 10 
5
0 2 5 7 11 
5
0 2 5 7 12 
5
0 2 5 7 13 
5
0 2 5 7 14 
5
0 2 5 7 15 
5
0 2 5 8 9 
5
0 2 5 8 10 
5
0 2 5 8 11 
5
0 2 5 8 12 
5
0 2 5 8 13 
5
0 2 5 8 14 
5
0 2 5 8 15 
5
0 2 5 9 10 
5
0 2 5 9 11 
5
0 2 5 9 12 
5
0 2 5 9 13 
5
0 2 5 9 14 
5
0 2 5 9 15 
5
0 2 5 10 11 
5
0 2 5 10 12 
5
0 2 5 10 13 
5
0 2 5 10 14 
5
0 2 5 10 15 
5
0 2 5 11 12 
5
0 2 5 11 13 
5
0 2 5 11 14 
5
0 2 5 11 15 
5
0 2 5 12 13 
5
0 2 5 12 14 
5
0 2 5 12 15 
5
0 2 5 13 14 
5
0 2 5 13 15 
5
0 2 5 14 15 
5
0 2 6 7 8 
5
0 2 6 7 9 
5
0 2 6 7 10 
5
0 2 6 7 11 
5
0 2 6 7 12 
5
0 2 6 7 13 
5
0 2 6 7 14 
5
0 2 6 7 15 
5
0 2 6 8 9 
5
0 2 6 8 10 
5
0 2 6 8 11 
5
0 2 6 8 12 
5
0 2 6 8 13 
5
0 2 6 8 14 
5
0 2 6 8 15 
5
0 2 6 9 10 
5
0 2 6 9 11 
5
0 2 6 9 12 
5
0 2 6 9 13 
5
0 2 6 9 14 
5
0 2 6 9 15 
5
0 2 6 10 11 
5
0 2 6 10 12 
5
0 2 6 10 13 
5
0 2 6 10 14 
5
0 2 6 10 15 
5
0 2 6 11 12 
5
0 2 6 11 13 
5
0 2 6 11 14 
5
0 2 6 11 15 
5
0 2 6 12 13 
5
0 2 6 12 14 
5
0 2 6 12 15 
5
0 2 6 13 14 
5
0 2 6 13 15 
5
0 2 6 14 15 
5
0 2 7 8 9 
5
0 2 7 8 10 
5
0 2 7 8 11 
5
0 2 7 8 12 
5
0 2 7 8 13 
5
0 2 7 8 14 
5
0 2 7 8 15 
5
0 2 7 9 10 
5
0 2 7 9 11 
5
0 2 7 9 12 
5
0 2 7 9 13 
5
0 2 7 9 14 
5
0 2 7 9 15 
5
0 2 7 10 11 
5
0 2 7 10 12 
5
0 2 7 10 13 
5
0 2 7 10 14 
5
0 2 7 10 15 
5
0 2 7 11 12 
5
0 2 7 11 13 
5
0 2 7 11 14 
5
0 2 7 11 15 
5
0 2 7 12 13 
5
0 2 7 12 14 
5
0 2 7 12 15 
5
0 2 7 13 14 
5
0 2 7 13 15 
5
0 2 7 14 15 
5
0 2 8 9 10 
5
0 2 8 9 11 
5
0 2 8 9 12 
5
0 2 8 9 13 
5
0 2 8 9 14 
5
0 2 8 9 15 
5
0 2 8 10 11 
5
0 2 8 10 12 
5
0 2 8 10 13 
5
0 2 8 10 14 
5
0 2 8 10 15 
5
0 2 8 11 12 
5
0 2 8 11 13 
5
0 2 8 11 14 
5
0 2 8 11 15 
5
0 2 8 12 13 
5
0 2 8 12 14 
5
0 2 8 12 15 
5
0 2 8 13 14 
5
0 2 8 13 15 
5
0 2 8 14 15 
5
0 2 9 10 11 
5
0 2 9 10 12 
5
0 2 9 10 13 
5
0 2 9 10 14 
5
0 2 9 10 15 
5
0 2 9 11 12 
5
0 2 9 11 13 
5
0 2 9 11 14 
5
0 2 9 11 15 
5
0 2 9 12 13 
5
0 2 9 12 14 
5
0 2 9 12 15 
5
0 2 9 13 14 
5
0 2 9 13 15 
5
0 2 9 14 15 
5
0 2 10 11 12 
5
0 2 10 11 13 
5
0 2 10 11 14 
5
0 2 10 11 15 
5
0 2 10 12 13 
5
0 2 10 12 14 
5
0 2 10 12 15 
5
0 2 10 13 14 
5
0 2 10 13 15 
5
0 2 10 14 15 
5
0 2 11 12 13 
5
0 2 11 12 14 
5
0 2 11 12 15 
5
0 2 11 13 14 
5
0 2 11 13 15 
5
0 2 11 14 15 
5
0 2 12 13 14 
5
0 2 12 13 15 
5
0 2 12 14 15 
5
0 2 13 14 15 
5
0 3 4 5 6 
5
0 3 4 5 7 
5
0 3 4 5 8 
5
0 3 4 5 9 
5
0 3 4 5 10 
5
0 3 4 5 11 
5
0 3 4 5 12 
5
0 3 4 5 13 
5
0 3 4 5 14 
5
0 3 4 5 15 
5
0 3 4 6 7 
5
0 3 4 6 8 
5
0 3 4 6 9 
5
0 3 4 6 10 
5
0 3 4 6 11 
5
0 3 4 6 12 
5
0 3 4 6 13 
5
0 3 4 6 14 
5
0 3 4 6 15 
5
0 3 4 7 8 
5
0 3 4 7 9 
5
0 3 4 7 10 
5
0 3 4 7 11 
5
0 3 4 7 12 
5
0 3 4 7 13 
5
0 3 4 7 14 
5
0 3 4 7 15 
5
0 3 4 8 9 
5
0 3 4 8 10 
5
0 3 4 8 11 
5
0 3 4 8 12 
5
0 3 4 8 13 
5
0 3 4 8 14 
5
0 3 4 8 15 
5
0 3 4 9 10 
5
0 3 4 9 11 
5
0 3 4 9 12 
5
0 3 4 9 13 
5
0 3 4 9 14 
5
0 3 4 9 15 
5
0 3 4 10 11 
5
0 3 4 10 12 
5
0 3 4 10 13 
5
0 3 4 10 14 
5
0 3 4 10 15 
5
0 3 4 11 12 
5
0 3 4 11 13 
5
0 3 4 11 14 
5
0 3 4 11 15 
5
0 3 4 12 13 
5
0 3 4 12 14 
5
0 3 4 12 15 
5
0 3 4 13 14 
5
0 3 4 13 15 
5
0 3 4 14 15 
5
0 3 5 6 7 
5
0 3 5 6 8 
5
0 3 5 6 9 
5
0 3 5 6 10 
5
0 3 5 6 11 
5
0 3 5 6 12 
5
0 3 5 6 13 
5
0 3 5 6 14 
5
0 3 5 6 15 
5
0 3 5 7 8 
5
0 3 5 7 9 
5
0 3 5 7 10 
5
0 3 5 7 11 
5
0 3 5 7 12 
5
0 3 5 7 13 
5
0 3 5 7 14 
5
0 3 5 7 15 
5
0 3 5 8 9 
5
0 3 5 8 10 
5
0 3 5 8 11 
5
0 3 5 8 12 
5
0 3 5 8 13 
5
0 3 5 8 14 
5
0 3 5 8 15 
5
0 3 5 9 10 
5
0 3 5 9 11 
5
0 3 5 9 12 
5
0 3 5 9 13 
5
0 3 5 9 14 
5
0 3 5 9 15 
5
0 3 5 10 11 
5
0 3 5 10 12 
5
0 3 5 10 13 
5
0 3 5 10 14 
5
0 3 5 10 15 
5
0 3 5 11 12 
5
0 3 5 11 13 
5
0 3 5 11 14 
5
0 3 5 11 15 
5
0 3 5 12 13 
5
0 3 5 12 14 
5
0 3 5 12 15 
5
0 3 5 13 14 
5
0 3 5 13 15 
5
0 3 5 14 15 
5
0 3 6 7 8 
5
0 3 6 7 9 
5
0 3 6 7 10 
5
0 3 6 7 11 
5
0 3 6 7 12 
5
0 3 6 7 13 
5
0 3 6 7 14 
5
0 3 6 7 15 
5
0 3 6 8 9 
5
0 3 6 8 10 
5
0 3 6 8 11 
5
0 3 6 8 12 
5
0 3 6 8 13 
5
0 3 6 8 14 
5
0 3 6 8 15 
5
0 3 6 9 10 
5
0 3 6 9 11 
5
0 3 6 9 12 
5
0 3 6 9 13 
5
0 3 6 9 14 
5
0 3 6 9 15 
5
0 3 6 10 11 
5
0 3 6 10 12 
5
0 3 6 10 13 
5
0 3 6 10 14 
5
0 3 6 10 15 
5
0 3 6 11 12 
5
0 3 6 11 13 
5
0 3 6 11 14 
5
0 3 6 11 15 
5
0 3 6 12 13 
5
0 3 6 12 14 
5
0 3 6 12 15 
5
0 3 6 13 14 
5
0 3 6 13 15 
5
0 3 6 14 15 
5
0 3 7 8 9 
5
0 3 7 8 10 
5
0 3 7 8 11 
5
0 3 7 8 12 
5
0 3 7 8 13 
5
0 3 7 8 14 
5
0 3 7 8 15 
5
0 3 7 9 10 
5
0 3 7 9 11 
5
0 3 7 9 12 
5
0 3 7 9 13 
5
0 3 7 9 14 
5
0 3 7 9 15 
5
0 3 7 10 11 
5
0 3 7 10 12 
5
0 3 7 10 13 
5
0 3 7 10 14 
5
0 3 7 10 15 
5
0 3 7 11 12 
5
0 3 7 11 13 
5
0 3 7 11 14 
5
0 3 7 11 15 
5
0 3 7 12 13 
5
0 3 7 12 14 
5
0 3 7 12 15 
5
0 3 7 13 14 
5
0 3 7 13 15 
5
0 3 7 14 15 
5
0 3 8 9 10 
5
0 3 8 9 11 
5
0 3 8 9 12 
5
0 3 8 9 13 
5
0 3 8 9 14 
5
0 3 8 9 15 
5
0 3 8 10 11 
5
0 3 8 10 12 
5
0 3 8 10 13 
5
0 3 8 10 14 
5
0 3 8 10 15 
5
0 3 8 11 12 
5
0 3 8 11 13 
5
0 3 8 11 14 
5
0 3 8 11 15 
5
0 3 8 12 13 
5
0 3 8 12 14 
5
0 3 8 12 15 
5
0 3 8 13 14 
5
0 3 8 13 15 
5
0 3 8 14 15 
5
0 3 9 10 11 
5
0 3 9 10 12 
5
0 3 9 10 13 
5
0 3 9 10 14 
5
0 3 9 10 15 
5
0 3 9 11 12 
5
0 3 9 11 13 
5
0 3 9 11 14 
5
0 3 9 11 15 
5
0 3 9 12 13 
5
0 3 9 12 14 
5
0 3 9 12 15 
5
0 3 9 13 14 
5
0 3 9 13 15 
5
0 3 9 14 15 
5
0 3 10 11 12 
5
0 3 10 11 13 
5
0 3 10 11 14 
5
0 3 10 11 15 
5
0 3 10 12 13 
5
0 3 10 12 14 
5
0 3 10 12 15 
5
0 3 10 13 14 
5
0 3 10 13 15 
5
0 3 10 14 15 
5
0 3 11 12 13 
5
0 3 11 12 14 
5
0 3 11 12 15 
5
0 3 11 13 14 
5
0 3 11 13 15 
5
0 3 11 14 15 
5
0 3 12 13 14 
5
0 3 12 13 15 
5
0 3 12 14 15 
5
0 3 13 14 15 
5
0 4 5 6 7 
5
0 4 5 6 8 
5
0 4 5 6 9 
5
0 4 5 6 10 
5
0 4 5 6 11 
5
0 4 5 6 12 
5
0 4 5 6 13 
5
0 4 5 6 14 
5
0 4 5 6 15 
5
0 4 5 7 8 
5
0 4 5 7 9 
5
0 4 5 7 10 
5
0 4 5 7 11 
5
0 4 5 7 12 
5
0 4 5 7 13 
5
0 4 5 7 14 
5
0 4 5 7 15 
5
0 4 5 8 9 
5
0 4 5 8 10 
5
0 4 5 8 11 
5
0 4 5 8 12 
5
0 4 5 8 13 
5
0 4 5 8 14 
5
0 4 5 8 15 
5
0 4 5 9 10 
5
0 4 5 9 11 
5
0 4 5 9 12 
5
0 4 5 9 13 
5
0 4 5 9 14 
5
0 4 5 9 15 
5
0 4 5 10 11 
5
0 4 5 10 12 
5
0 4 5 10 13 
5
0 4 5 10 14 
5
0 4 5 10 15 
5
0 4 5 11 12 
5
0 4 5 11 13 
5
0 4 5 11 14 
5
0 4 5 11 15 
5
0 4 5 12 13 
5
0 4 5 12 14 
5
0 4 5 12 15 
5
0 4 5 13 14 
5
0 4 5 13 15 
5
0 4 5 14 15 
5
0 4 6 7 8 
5
0 4 6 7 9 
5
0 4 6 7 10 
5
0 4 6 7 11 
5
0 4 6 7 12 
5
0 4 6 7 13 
5
0 4 6 7 14 
5
0 4 6 7 15 
5
0 4 6 8 9 
5
0 4 6 8 10 
5
0 4 6 8 11 
5
0 4 6 8 12 
5
0 4 6 8 13 
5
0 4 6 8 14 
5
0 4 6 8 15 
5
0 4 6 9 10 
5
0 4 6 9 11 
5
0 4 6 9 12 
5
0 4 6 9 13 
5
0 4 6 9 14 
5
0 4 6 9 15 
5
0 4 6 10 11 
5
0 4 6 10 12 
5
0 4 6 10 13 
5
0 4 6 10 14 
5
0 4 6 10 15 
5
0 4 6 11 12 
5
0 4 6 11 13 
5
0 4 6 11 14 
5
0 4 6 11 15 
5
0 4 6 12 13 
5
0 4 6 12 14 
5
0 4 6 12 15 
5
0 4 6 13 14 
5
0 4 6 13 15 
5
0 4 6 14 15 
5
0 4 7 8 9 
5
0 4 7 8 10 
5
0 4 7 8 11 
5
0 4 7 8 12 
5
0 4 7 8 13 
5
0 4 7 8 14 
5
0 4 7 8 15 
5
0 4 7 9 10 
5
0 4 7 9 11 
5
0 4 7 9 12 
5
0 4 7 9 13 
5
0 4 7 9 14 
5
0 4 7 9 15 
5
0 4 7 10 11 
5
0 4 7 10 12 
5
0 4 7 10 13 
5
0 4 7 10 14 
5
0 4 7 10 15 
5
0 4 7 11 12 
5
0 4 7 11 13 
5
0 4 7 11 14 
5
0 4 7 11 15 
5
0 4 7 12 13 
5
0 4 7 12 14 
5
0 4 7 12 15 
5
0 4 7 13 14 
5
0 4 7 13 15 
5
0 4 7 14 15 
5
0 4 8 9 10 
5
0 4 8 9 11 
5
0 4 8 9 12 
5
0 4 8 9 13 
5
0 4 8 9 14 
5
0 4 8 9 15 
5
0 4 8 10 11 
5
0 4 8 10 12 
5
0 4 8 10 13 
5
0 4 8 10 14 
5
0 4 8 10 15 
5
0 4 8 11 12 
5
0 4 8 11 13 
5
0 4 8 11 14 
5
0 4 8 11 15 
5
0 4 8 12 13 
5
0 4 8 12 14 
5
0 4 8 12 15 
5
0 4 8 13 14 
5
0 4 8 13 15 
5
0 4 8 14 15 
5
0 4 9 10 11 
5
0 4 9 10 12 
5
0 4 9 10 13 
5
0 4 9 10 14 
5
0 4 9 10 15 
5
0 4 9 11 12 
5
0 4 9 11 13 
5
0 4 9 11 14 
5
0 4 9 11 15 
5
0 4 9 12 13 
5
0 4 9 12 14 
5
0 4 9 12 15 
5
0 4 9 13 14 
5
0 4 9 13 15 
5
0 4 9 14 15 
5
0 4 10 11 12 
5
0 4 10 11 13 
5
0 4 10 11 14 
5
0 4 10 11 15 
5
0 4 10 12 13 
5
0 4 10 12 14 
5
0 4 10 12 15 
5
0 4 10 13 14 
5
0 4 10 13 15 
5
0 4 10 14 15 
5
0 4 11 12 13 
5
0 4 11 12 14 
5
0 4 11 12 15 
5
0 4 11 13 14 
5
0 4 11 13 15 
5
0 4 11 14 15 
5
0 4 12 13 14 
5
0 4 12 13 15 
5
0 4 12 14 15 
5
0 4 13 14 15 
5
0 5 6 7 8 
5
0 5 6 7 9 
5
0 5 6 7 10 
5
0 5 6 7 11 
5
0 5 6 7 12 
5
0 5 6 7 13 
5
0 5 6 7 14 
5
0 5 6 7 15 
5
0 5 6 8 9 
5
0 5 6 8 10 
5
0 5 6 8 11 
5
0 5 6 8 12 
5
0 5 6 8 13 
5
0 5 6 8 14 
5
0 5 6 8 15 
5
0 5 6 9 10 
5
0 5 6 9 11 
5
0 5 6 9 12 
5
0 5 6 9 13 
5
0 5 6 9 14 
5
0 5 6 9 15 
5
0 5 6 10 11 
5
0 5 6 10 12 
5
0 5 6 10 13 
5
0 5 6 10 14 
5
0 5 6 10 15 
5
0 5 6 11 12 
5
0 5 6 11 13 
5
0 5 6 11 14 
5
0 5 6 11 15 
5
0 5 6 12 13 
5
0 5 6 12 14 
5
0 5 6 12 15 
5
0 5 6 13 14 
5
0 5 6 13 15 
5
0 5 6 14 15 
5
0 5 7 8 9 
5
0 5 7 8 10 
5
0 5 7 8 11 
5
0 5 7 8 12 
5
0 5 7 8 13 
5
0 5 7 8 14 
5
0 5 7 8 15 
5
0 5 7 9 10 
5
0 5 7 9 11 
5
0 5 7 9 12 
5
0 5 7 9 13 
5
0 5 7 9 14 
5
0 5 7 9 15 
5
0 5 7 10 11 
5
0 5 7 10 12 
5
0 5 7 10 13 
5
0 5 7 10 14 
5
0 5 7 10 15 
5
0 5 7 11 12 
5
0 5 7 11 13 
5
0 5 7 11 14 
5
0 5 7 11 15 
5
0 5 7 12 13 
5
0 5 7 12 14 
5
0 5 7 12 15 
5
0 5 7 13 14 
5
0 5 7 13 15 
5
0 5 7 14 15 
5
0 5 8 9 10 
5
0 5 8 9 11 
5
0 5 8 9 12 
5
0 5 8 9 13 
5
0 5 8 9 14 
5
0 5 8 9 15 
5
0 5 8 10 11 
5
0 5 8 10 12 
5
0 5 8 10 13 
5
0 5 8 10 14 
5
0 5 8 10 15 
5
0 5 8 11 12 
5
0 5 8 11 13 
5
0 5 8 11 14 
5
0 5 8 11 15 
5
0 5 8 12 13 
5
0 5 8 12 14 
5
0 5 8 12 15 
5
0 5 8 13 14 
5
0 5 8 13 15 
5
0 5 8 14 15 
5
0 5 9 10 11 
5
0 5 9 10 12 
5
0 5 9 10 13 
5
0 5 9 10 14 
5
0 5 9 10 15 
5
0 5 9 11 12 
5
0 5 9 11 13 
5
0 5 9 11 14 
5
0 5 9 11 15 
5
0 5 9 12 13 
5
0 5 9 12 14 
5
0 5 9 12 15 
5
0 5 9 13 14 
5
0 5 9 13 15 
5
0 5 9 14 15 
5
0 5 10 11 12 
5
0 5 10 11 13 
5
0 5 10 11 14 
5
0 5 10 11 15 
5
0 5 10 12 13 
5
0 5 10 12 14 
5
0 5 10 12 15 
5
0 5 10 13 14 
5
0 5 10 13 15 
5
0 5 10 14 15 
5
0 5 11 12 13 
5
0 5 11 12 14 
5
0 5 11 12 15 
5
0 5 11 13 14 
5
0 5 11 13 15 
5
0 5 11 14 15 
5
0 5 12 13 14 
5
0 5 12 13 15 
5
0 5 12 14 15 
5
0 5 13 14 15 
5
0 6 7 8 9 
5
0 6 7 8 10 
5
0 6 7 8 11 
5
0 6 7 8 12 
5
0 6 7 8 13 
5
0 6 7 8 14 
5
0 6 7 8 15 
5
0 6 7 9 10 
5
0 6 7 9 11 
5
0 6 7 9 12 
5
0 6 7 9 13 
5
0 6 7 9 14 
5
0 6 7 9 15 
5
0 6 7 10 11 
5
0 6 7 10 12 
5
0 6 7 10 13 
5
0 6 7 10 14 
5
0 6 7 10 15 
5
0 6 7 11 12 
5
0 6 7 11 13 
5
0 6 7 11 14 
5
0 6 7 11 15 
5
0 6 7 12 13 
5
0 6 7 12 14 
5
0 6 7 12 15 
5
0 6 7 13 14 
5
0 6 7 13 15 
5
0 6 7 14 15 
5
0 6 8 9 10 
5
0 6 8 9 11 
5
0 6 8 9 12 
5
0 6 8 9 13 
5
0 6 8 9 14 
5
0 6 8 9 15 
5
0 6 8 10 11 
5
0 6 8 10 12 
5
0 6 8 10 13 
5
0 6 8 10 14 
5
0 6 8 10 15 
5
0 6 8 11 12 
5
0 6 8 11 13 
5
0 6 8 11 14 
5
0 6 8 11 15 
5
0 6 8 12 13 
5
0 6 8 12 14 
5
0 6 8 12 15 
5
0 6 8 13 14 
5
0 6 8 13 15 
5
0 6 8 14 15 
5
0 6 9 10 11 
5
0 6 9 10 12 
5
0 6 9 10 13 
5
0 6 9 10 14 
5
0 6 9 10 15 
5
0 6 9 11 12 
5
0 6 9 11 13 
5
0 6 9 11 14 
5
0 6 9 11 15 
5
0 6 9 12 13 
5
0 6 9 12 14 
5
0 6 9 12 15 
5
0 6 9 13 14 
5
0 6 9 13 15 
5
0 6 9 14 15 
5
0 6 10 11 12 
5
0 6 10 11 13 
5
0 6 10 11 14 
5
0 6 10 11 15 
5
0 6 10 12 13 
5
0 6 10 12 14 
5
0 6 10 12 15 
5
0 6 10 13 14 
5
0 6 10 13 15 
5
0 6 10 14 15 
5
0 6 11 12 13 
5
0 6 11 12 14 
5
0 6 11 12 15 
5
0 6 11 13 14 
5
0 6 11 13 15 
5
0 6 11 14 15 
5
0 6 12 13 14 
5
0 6 12 13 15 
5
0 6 12 14 15 
5
0 6 13 14 15 
5
0 7 8 9 10 
5
0 7 8 9 11 
5
0 7 8 9 12 
5
0 7 8 9 13 
5
0 7 8 9 14 
5
0 7 8 9 15 
5
0 7 8 10 11 
5
0 7 8 10 12 
5
0 7 8 10 13 
5
0 7 8 10 14 
5
0 7 8 10 15 
5
0 7 8 11 12 
5
0 7 8 11 13 
5
0 7 8 11 14 
5
0 7 8 11 15 
5
0 7 8 12 13 
5
0 7 8 12 14 
5
0 7 8 12 15 
5
0 7 8 13 14 
5
0 7 8 13 15 
5
0 7 8 14 15 
5
0 7 9 10 11 
5
0 7 9 10 12 
5
0 7 9 10 13 
5
0 7 9 10 14 
5
0 7 9 10 15 
5
0 7 9 11 12 
5
0 7 9 11 13 
5
0 7 9 11 14 
5
0 7 9 11 15 
5
0 7 9 12 13 
5
0 7 9 12 14 
5
0 7 9 12 15 
5
0 7 9 13 14 
5
0 7 9 13 15 
5
0 7 9 14 15 
5
0 7 10 11 12 
5
0 7 10 11 13 
5
0 7 10 11 14 
5
0 7 10 11 15 
5
0 7 10 12 13 
5
0 7 10 12 14 
5
0 7 10 12 15 
5
0 7 10 13 14 
5
0 7 10 13 15 
5
0 7 10 14 15 
5
0 7 11 12 13 
5
0 7 11 12 14 
5
0 7 11 12 15 
5
0 7 11 13 14 
5
0 7 11 13 15 
5
0 7 11 14 15 
5
0 7 12 13 14 
5
0 7 12 13 15 
5
0 7 12 14 15 
5
0 7 13 14 15 
5
0 8 9 10 11 
5
0 8 9 10 12 
5
0 8 9 10 13 
5
0 8 9 10 14 
5
0 8 9 10 15 
5
0 8 9 11 12 
5
0 8 9 11 13 
5
0 8 9 11 14 
5
0 8 9 11 15 
5
0 8 9 12 13 
5
0 8 9 12 14 
5
0 8 9 12 15 
5
0 8 9 13 14 
5
0 8 9 13 15 
5
0 8 9 14 15 
5
0 8 10 11 12 
5
0 8 10 11 13 
5
0 8 10 11 14 
5
0 8 10 11 15 
5
0 8 10 12 13 
5
0 8 10 12 14 
5
0 8 10 12 15 
5
0 8 10 13 14 
5
0 8 10 13 15 
5
0 8 10 14 15 
5
0 8 11 12 13 
5
0 8 11 12 14 
5
0 8 11 12 15 
5
0 8 11 13 14 
5
0 8 11 13 15 
5
0 8 11 14 15 
5
0 8 12 13 14 
5
0 8 12 13 15 
5
0 8 12 14 15 
5
0 8 13 14 15 
5
0 9 10 11 12 
5
0 9 10 11 13 
5
0 9 10 11 14 
5
0 9 10 11 15 
5
0 9 10 12 13 
5
0 9 10 12 14 
5
0 9 10 12 15 
5
0 9 10 13 14 
5
0 9 10 13 15 
5
0 9 10 14 15 
5
0 9 11 12 13 
5
0 9 11 12 14 
5
0 9 11 12 15 
5
0 9 11 13 14 
5
0 9 11 13 15 
5
0 9 11 14 15 
5
0 9 12 13 14 
5
0 9 12 13 15 
5
0 9 12 14 15 
5
0 9 13 14 15 
5
0 10 11 12 13 
5
0 10 11 12 14 
5
0 10 11 12 15 
5
0 10 11 13 14 
5
0 10 11 13 15 
5
0 10 11 14 15 
5
0 10 12 13 14 
5
0 10 12 13 15 
5
0 10 12 14 15 
5
0 10 13 14 15 
5
0 11 12 13 14 
5
0 11 12 13 15 
5
0 11 12 14 15 
5
0 11 13 14 15 
5
0 12 13 14 15 
10
-0 -0 -0 -0 -0 -0 -0 -0 -0 -0 -0 -0 -0 0.333333 -0 -0 -0 -0 -0 -0 -0 -0 -0 -0 -0 0.166667 -0 -0 -0 -0 -0 -0 -0 -0 -0 -0 -0 -0 0 -0 -0 -0 -0 -0 -0 -0 -0 -0 -0 -0 -0 -0 -0 -0 -0 -0 -0 -0 -0 -0 -0 -0 -0 -0 -0 -0 -0 -0 -0 -0 -0 -0 -0 -0 -0 -0 -0 -0 -0 -0 -0 -0 -0 -0 -0 -0 -0 -0 -0 -0 -0 -0 0.333333 -0 -0 -0 -0 -0 -0 -0 -0 -0 -0 -0 -0 -0 -0 -0 -0 -0 -0 -0 -0 -0 -0 -0 -0 -0 -0 -0 -0 -0 -0 -0 -0 -0 -0 -0 -0 -0 -0 -0 -0 -0 -0 -0 -0 -0 -0 -0 -0 -0 -0 -0 -0 -0 -0 -0 -0 -0 -0 -0 -0 -0 -0 -0 -0 -0 -0 -0 -0 -0 -0 -0 -0 -0 -0 -0 -0 -0 -0 -0 -0 -0 -0 -0 -0 -0 -0 -0 -0 -0 -0 -0 -0 -0 -0 -0 -0 -0 0.333333 -0 -0 -0 -0 -0 -0 -0 -0 -0 -0 -0 -0 -0 -0 -0 -0 -0 -0 -0 -0 -0 -0 -0 -0 -0 -0 -0 -0 -0 -0 -0 -0 -0 -0 -0 -0 -0 -0 -0 -0 -0 0 -0 -0 -0 -0 -0 -0 -0 -0 -0 -0 -0 -0 -0 -0 -0 -0 -0 -0 -0 -0 -0 -0 -0 -0 -0 -0 -0 -0 -0 -0 -0 -0 -0 -0 -0 -0 -0 -0 -0 -0 -0 -0 -0 -0 -0 -0 -0 -0 -0 -0 -0 -0 -0 -0 -0 -0 -0 -0 -0 -0 -0 -0 -0 -0 -0 -0 -0 -0 -0 -0 -0 -0 -0 -0 -0 -0 -0 -0 -0 -0 -0 -0 -0 -0 -0 -0 -0 -0 -0 -0 -0 -0 -0 -0 -0 -0 -0 -0 -0 -0 -0 -0 -0 -0 -0 -0 -0 -0 -0 -0 -0 -0 -0 -0 -0 -0 -0 -0 -0 -0 -0 -0 -0 -0 -0 -0 -0 -0 -0 -0 -0 -0 -0 -0 -0 -0 -0 -0 -0 -0 -0 -0 -0 -0 -0 -0 -0 -0 -0 -0 -0 -0 -0 -0 -0 -0 -0 -0 -0 -0 -0 -0 -0 -0 -0 -0 -0 -0 0.5 -0 -0 -0 -0 -0 -0 -0 -0 -0 -0 -0 -0 -0 -0 -0 -0 -0 -0 -0 -0 -0 -0 -0 -0 -0 -0 -0 -0 -0 -0 -0 -0 -0 -0 -0 -0 -0 -0 -0 -0 -0 -0 -0 -0 -0 -0 -0 -0 -0 -0 -0 -0 -0 -0 -0 -0 -0 -0 -0 -0 -0 -0 -0 -0 -0 -0 -0 -0 -0 -0 -0 -0 -0 -0 -0 -0 -0 -0 -0 -0 -0 -0 -0 -0 -0 -0 -0 -0 -0 -0 -0 -0 -0 -0 -0 -0 -0 -0 -0 -0 -0 -0 -0 -0 -0 -0 -0 -0 -0 -0 -0 -0 -0 -0 -0 -0 -0 -0 -0 -0 -0 -0 -0 -0 -0 -0 -0 -0 -0 -0 -0 -0 -0 -0 -0 -0 -0 -0 -0 -0 -0 -0 -0 -0 -0 -0 -0 -0 -0 -0 -0 -0 -0 -0 -0 -0 -0 -0 -0 -0 -0 -0 -0 -0 -0 -0 -0 -0 -0 -0 -0 -0 -0 -0 -0 -0 -0 -0 -0 -0 -0 -0 -0 -0 -0 -0 -0 -0 -0 -0 -0 -0 -0 -0 -0 -0 -0 -0 -0 -0 -0 -0 -0 -0 -0 -0 -0 -0 -0 -0 -0 -0 -0 -0 -0 -0 -0 -0 -0 -0 -0 -0 -0 -0 -0 -0 -0 -0 -0 -0 -0 -0 -0 -0 -0 -0 -0 -0 -0 -0 -0 -0 -0 -0 -0 -0 -0 -0 -0 -0 -0 -0 -0 -0 -0 -0 -0 -0 -0 -0 -0 -0 -0 -0 -0 -0 -0 -0 -0 -0 -0 -0 0.5 -0 -0 -0 -0 -0 -0 -0 -0 -0 -0 -0 -0 -0 -0 -0 -0 -0 -0 -0 -0 -0 -0 -0 -0 -0 -0 -0 -0 -0 -0 -0 -0 -0 -0 -0 -0 -0 -0 -0 -0 -0 -0 -0 -0 -0 -0 -0 -0 -0 -0 -0 -0 -0 -0 -0 -0 -0 -0 -0 -0 -0 -0 -0 -0 -0 -0 -0 -0 -0 -0 -0 -0 -0 -0 -0 -0 -0 -0 -0 -0 -0 -0 -0 -0 -0 -0 -0 -0 -0 -0 -0 -0 -0 -0 -0 -0 -0 -0 -0 -0 -0 -0 -0 -0 -0 -0 -0 -0 -0 -0 -0 -0 -0 -0 -0 -0 -0 -0 -0 -0 -0 -0 -0 -0 -0 -0 -0 -0 -0 -0 -0 -0 -0 -0 -0 -0 -0 -0 -0 -0 -0 -0 -0 -0 -0 -0 -0 -0 -0 -0 -0 -0 -0 -0 -0 -0 -0 -0 -0 -0 -0 -0 -0 -0 -0 -0 -0 -0 -0 -0 -0 -0 -0 -0 -0 -0 -0 -0 -0 -0 -0 -0 -0 -0 -0 -0 -0 -0 -0 -0 -0 -0 -0 -0 -0 -0 -0 -0 -0 -0 -0 -0 -0 -0 -0 -0 -0 -0 -0 -0 -0 -0 -0 -0 -0 -0 -0 -0 -0 -0 -0 -0 -0 -0 -0 -0 -0 -0 -0 -0 -0 -0 -0 -0 -0 -0 -0 -0 -0 -0 -0 -0 -0 -0 -0 -0 -0 -0 -0 -0 -0 -0 -0 -0 -0 -0 -0 -0 -0 -0 -0 -0 -0 -0 -0 -0 -0 -0 -0 -0 -0 -0 -0 -0 -0 -0 -0 -0 -0 -0 -0 -0 -0 -0 -0 -0 -0 -0 -0 -0 -0 -0 -0 -0 -0 -0 -0 -0 -0 -0 -0 -0 -0 -0 -0 -0 -0 -0 -0 -0 -0 -0 -0 -0 -0 -0 -0 -0 -0 -0 -0 -0 -0 -0 -0 -0 -0 -0 -0 -0 -0 -0 -0 -0 -0 0.333333 -0 -0 -0 -0 -0 -0 -0 -0 -0 -0 -0 -0 -0 -0 -0 -0 -0 -0 -0 -0 -0 -0 -0 0.333333 -0 -0 -0 -0 -0 -0 -0 -0 -0 -0 -0 -0 -0 -0 -0 -0 -0 -0 -0 -0 -0 -0 -0 -0 -0 -0 -0 -0 -0 -0 -0 -0 -0 -0 -0 -0 -0 -0 -0 -0 -0 -0 -0 -0 -0 -0 -0 -0 -0 -0 -0 -0 -0 -0 -0 -0 -0 -0 -0 -0 -0 -0 -0 -0 -0 -0 -0 -0 -0 -0 -0 -0 -0 -0 -0 -0 -0 -0 -0 -0 -0 -0 -0 -0 -0 -0 -0 -0 -0 -0 -0 -0 -0 -0 -0 -0 -0 -0 -0 -0 -0 -0 -0 -0 -0 -0 -0 -0 -0 -0 -0 -0 -0 -0 -0 -0 -0 -0 -0 -0 -0 -0 -0 -0 -0 -0 -0 -0 -0 -0 -0 -0 -0 -0 -0 -0 -0 -0 -0 -0 -0 -0 -0 -0 -0 -0 -0 -0 -0 -0 -0 -0 -0 -0 -0 -0 -0 -0 -0 -0 -0 -0 -0 -0 -0 -0 -0 -0 -0 -0 -0 -0 -0 -0 -0 -0 -0 -0 -0 -0 -0 -0 -0 -0 -0 -0 -0 -0 -0 -0 -0 -0 -0 -0 -0 -0 -0 -0 -0 -0 -0 -0 -0 -0 -0 -0 -0 -0 -0 -0 -0 -0 -0 -0 -0 -0 -0 -0 -0 -0 -0 -0 -0 -0 -0 -0 -0 -0 -0 -0 -0 -0 -0 -0 -0 -0 -0 -0 -0 -0 -0 -0 -0 -0 -0 -0 -0 -0 -0 -0 -0 -0 -0 -0 -0 -0 -0 -0 -0 -0 -0 -0 -0 -0 -0 -0 -0 -0 -0 -0 -0 -0 -0 -0 -0 -0 -0 -0 -0 -0 -0 -0 -0 -0 -0 -0 -0 -0 -0 -0 -0 -0 -0 -0 -0 -0 -0 -0 -0 -0 -0 -0 -0 -0 -0 -0 -0 -0 -0 -0 -0 -0 -0 -0 -0 -0 -0 -0 -0 -0 -0 -0 -0 -0 -0 -0 -0 -0 -0 -0 -0 -0 -0 -0 -0 -0 -0 -0 -0 -0 -0 -0 -0 -0 -0 -0 -0 -0 -0 -0 -0 -0 -0 -0 -0 -0 -0 -0 -0 -0 -0 -0 -0 -0 -0 -0 -0 -0 -0 -0 -0 -0 -0 -0 -0 -0 -0 -0 -0 -0 -0 -0 -0 -0 -0 -0 -0 -0 -0 -0 -0 -0 -0 -0 -0 -0 -0 -0 -0 -0 -0 -0 -0 -0 -0 -0 -0 -0 -0 -0 -0 -0 -0 -0 -0 0 -0 -0 -0 -0 -0 -0 -0 -0 -0 -0 -0 -0 -0 -0 -0 -0 -0 -0 -0 -0 -0 -0 -0 -0 -0 -0 -0 -0 -0 -0 -0 -0 0.5 -0 -0 -0 -0 -0 -0 -0 -0 -0 -0 -0 -0 -0 -0 -0 -0 -0 -0 -0 -0 -0 -0 -0 -0 -0 -0 -0 -0 -0 -0 -0 -0 -0 -0 -0 -0 -0 -0 -0 -0 -0 -0 -0 -0 -0 -0 -0 -0 -0 -0 -0 -0 -0 -0 -0 -0 -0 -0 -0 -0 -0 -0 -0 -0 -0 -0 -0 -0 -0 -0 -0 -0 -0 -0 -0 -0 -0 -0 -0 -0 -0 -0 -0 -0 -0 -0 -0 -0 -0 -0 -0 -0 -0 -0 -0 -0 -0 -0 -0 -0 -0 -0 -0 -0 -0 -0 -0 -0 -0 -0 -0 -0 -0 -0 -0 -0 -0 -0 -0 -0 -0 -0 -0 -0 -0 -0 -0 -0 -0 -0 -0 -0 -0 -0 -0 -0 -0 -0 -0 0.166667 -0 -0 -0 0.166667 -0 -0 -0 -0 -0 -0 -0 -0 -0 -0 -0 -0 -0 -0 -0 -0 -0 -0 -0 -0 -0 -0 -0 -0 -0 -0 -0 -0 -0 -0 -0 -0 -0 -0 -0 -0 -0 -0 -0 -0 -0 -0 -0 -0 -0 -0 -0 -0 -0 -0 -0 -0 -0 -0 -0 -0 -0 -0 -0 -0 -0 -0 -0 -0 -0 -0 -0 -0 -0 -0 -0 -0 -0 -0 -0 -0 -0 -0 -0 -0 -0 -0 -0 -0 -0 -0 -0 -0 -0 -0 -0 -0 -0 -0 -0 -0 -0 -0 -0 -0 -0 -0 -0 -0 -0 -0 -0 -0 -0 -0 -0 -0 -0 -0 -0 -0 -0 -0 -0 -0 -0 -0 -0 -0 -0 -0 -0 -0 -0 -0 -0 -0 -0 -0 -0 -0 -0 -0 -0 -0 -0 -0 -0 -0 -0 -0 -0 -0 -0 -0 -0 -0 -0 -0 -0 -0 -0 -0 -0 -0 -0 -0 -0 -0 -0 -0 -0 -0 -0 -0 -0 -0 -0 -0 -0 -0 0.5 -0 -0 -0 -0 -0 -0 -0 -0 -0 -0 -0 -0 -0 -0 -0 
-0 -0 -0 -0 -0 -0 -0 -0 -0 -0 -0 -0 -0 -0 -0 -0 -0 -0 -0 -0 -0 -0 -0 -0 -0 -0 -0 -0 -0 -0 -0 -0 -0 -0 -0 -0 -0 -0 -0 -0 -0 -0 -0 -0 -0 -0 -0 -0 -0 -0 -0 -0 -0 -0 -0 -0 -0 -0 -0 -0 -0 -0 -0 -0 -0 -0 -0 -0 -0 -0 -0 -0 -0 -0 -0 -0 -0 -0 -0 -0 -0 -0 -0 -0 -0 -0 -0 -0 -0 -0 -0 -0 -0 -0 -0 -0 -0 -0 -0 -0 -0 -0 -0 -0 -0 -0 -0 -0 -0 -0 -0 -0 -0 -0 -0 -0 -0 -0 -0 -0 -0 -0 -0 -0 -0 -0 -0 -0 -0 -0 -0 -0 -0 -0 -0 -0 -0 -0 -0 -0 -0 -0 -0 -0 -0 -0 -0 -0 -0 -0 -0 -0 -0 -0 -0 -0 -0 -0 -0 -0 -0 -0 -0 -0 -0 -0 -0 -0 -0 -0 -0 -0 -0 -0 -0 -0 -0 -0 -0 -0 -0 -0 -0 -0 -0 -0 -0 -0 -0 -0 -0 -0 -0 -0 -0 -0 -0 -0 -0 -0 -0 -0 -0 -0 -0 -0 -0 -0 -0 -0 -0 -0 -0 -0 -0 -0 -0 -0 -0 -0 -0 -0 -0 -0 -0 -0 -0 0 -0 -0 -0 -0 -0 -0 -0 -0 -0 -0 -0 -0 -0 -0 -0 -0 -0 -0 -0 -0 -0 -0 -0 -0 -0 -0 -0 -0 -0 -0 -0 -0 -0 -0 -0 -0 -0 -0 -0 -0 -0 -0 -0 -0 -0 -0 -0 -0 -0 -0 -0 -0 -0 -0 -0 -0 -0 -0 -0 -0 -0 -0 -0 -0 -0 -0 -0 -0 -0 -0 -0 -0 -0 -0 -0 -0 -0 -0 -0 -0 -0 -0 -0 -0 -0 -0 -0 -0 -0 -0 -0 -0 -0 -0 -0 -0 -0 -0 -0 -0 -0 -0 -0 -0 -0 -0 -0 -0 -0 -0 -0 -0 -0 -0 -0 -0 -0 -0 -0 -0 -0 -0 -0 -0 -0 -0 -0 -0 -0 -0 -0 -0 -0 -0 -0 -0 -0 -0 -0 -0 -0 -0 -0 -0 -0 -0 -0 -0 -0 -0 -0 -0 -0 -0 -0 -0 -0 -0 -0 -0 -0 -0 -0 -0 -0 -0 -0 -0 -0 -0 -0 -0 -0 1 -0 -0 -0 -0 -0 -0 -0 -0 -0 -0 -0 -0 -0 -0 -0 -0 -0 -0 -0 -0 -0 -0 -0 -0 -0 -0 -0 -0 -0 -0 -0 -0 -0 -0 -0 -0 -0 -0 -0 -0 -0 -0 -0 -0 -0 -0 -0 -0 -0 -0 -0 -0 -0 -0 -0 -0 -0 -0 -0 -0 -0 -0 -0 -0 -0 -0 -0 1 -0 -0 0 -0 -0 -0 -0 -0 -0 -0 -0 -0 -0 -0 -0 -0 -0 -0 -0 -0 -0 -0 -0 -0 -0 -0 -0 -0 -0 -0 -0 -0 -0 -0 -0 -0 -0 -0 -0 -0 -0 -0 -0 -0 -0 -0 -0 -0 -0 -0 -0 -0 -0 -0 -0 -0 -0 -0 -0 -0 -0 -0 -0 -0 -0 -0 -0 -0 -0 -0 -0 -0 -0 -0 -0 -0 -0 -0 -0 -0 -0 -0 -0 -0 -0 -0 -0 -0 -0 -0 -0 -0 -0 -0 -0 -0 -0 -0 -0 -0 -0 -0 -0 -0 -0 -0 -0 -0 -0 -0 -0 -0 -0 -0 -0 -0 -0 -0 -0 -0 -0 0 -0 -0 -0 -0 -0 -0 -0 -0 -0 -0 -0 -0 -0 -0 -0 -0 -0 -0 -0 -0 -0 -0 -0 -0 -0 -0 0 -0 -0 -0 -0 -0 -0 -0 -0 -0 -0 -0 -0 -0 -0 -0 -0 -0 -0 -0 -0 -0 -0 -0 -0 -0 -0 -0 -0 -0 -0 -0 -0 -0 -0 -0 -0 -0 -0 -0 -0 -0 -0 -0 -0 -0 -0 -0 -0 -0 -0 -0 -0 -0 -0 -0 -0 -0 -0 -0 -0 -0 -0 -0 -0 -0 -0 -0 -0 -0 -0 -0 -0 -0 -0 -0 -0 -0 -0 -0 -0 -0 -0 -0 -0 -0 -0 -0 -0 -0 -0 -0 -0 -0 -0 -0 -0 -0 -0 -0 -0 -0 -0 -0 -0 -0 -0 -0 -0 -0 -0 -0 -0 -0 -0 -0 -0 -0 -0 -0 -0 -0 -0 -0 -0 -0 -0 -0 -0 -0 -0 -0 -0 -0 -0 -0 -0 -0 -0 -0 -0 -0 -0 -0 -0 -0 -0 -0 -0 -0 -0 -0 -0 -0 -0 -0 -0 -0 -0 -0 -0 -0 -0 -0 -0 -0 -0 -0 -0 -0 -0 -0 -0 -0 -0 -0 -0 -0 -0 -0 -0 -0 -0 -0 -0 -0 -0 -0 -0 -0 -0 -0 -0 -0 -0 -0 -0 -0 -0 -0 -0 -0 -0 -0 -0 -0 -0 -0 -0 -0 -0 -0 -0 -0 -0 -0 -0 -0 -0 -0 -0 -0 -0 -0 -0 -0 -0 -0 -0 -0 -0 -0 -0 -0 -0 -0 -0 -0 -0 -0 -0 -0 -0 -0 -0 -0 -0 -0 -0 -0 -0 -0 -0 -0 -0 -0 -0 -0 -0 0 0 -0 -0 -0 -0 -0 0 -0 -0 -0 -0 -0 -0 -0 -0 -0 -0 -0 -0 -0 -0 -0 -0 -0 -0 -0 -0 -0 -0 -0 -0 -0 -0 -0 -0 -0 -0 -0 -0 -0 -0 -0 -0 -0 -0 -0 -0 -0 -0 -0 -0 -0 -0 -0 -0 -0 -0 -0 -0 -0 -0 -0 -0 -0 -0 -0 -0 -0 -0 -0 -0 -0 -0 -0 -0 -0 -0 -0 -0 -0 -0 -0 -0 -0 -0 -0 -0 -0 -0 -0 -0 -0 -0 -0 -0 -0 -0 -0 -0 -0 -0 -0 -0 -0 -0 -0 -0 -0 -0 -0 -0 -0 -0 -0 -0 -0 -0 -0 -0 -0 -0 -0 -0 -0 -0 -0 -0 -0 -0 -0 -0 -0 -0 -0 -0 -0 -0 -0 -0 -0 -0 -0 -0 -0 -0 -0 -0 -0 -0 -0 -0 -0 -0 -0 -0 -0 -0 -0 -0 -0 -0 -0 -0 -0 -0 -0 -0 -0 -0 -0 -0 -0 -0 -0 -0 -0 -0 -0 -0 -0 -0 -0 -0 -0 -0 -0 -0 -0 -0 -0 -0 -0 -0 -0 -0 -0 -0 -0 -0 -0 -0 -0 -0 -0 -0 -0 -0 -0 -0 -0 -0 -0 -0 -0 -0 -0 -0 -0 -0 -0 -0 -0 0 -0 -0 -0 -0 -0 -0 -0 -0 -0 -0 -0 -0 -0 -0 -0 -0 -0 -0 -0 -0 -0 -0 -0 -0 -0 -0 -0 -0 -0 -0 -0 -0 -0 -0 -0 -0 -0 -0 -0 -0 -0 -0 -0 -0 -0 -0 -0 -0 -0 -0 -0 -0 -0 -0 -0 -0 -0 -0 -0 -0 -0 -0 -0 -0 -0 -0 -0 -0 -0 -0 -0 -0 -0 -0 -0 -0 -0 -0 -0 -0 -0 -0 -0 -0 -0 -0 -0 -0 -0 -0 -0 -0 -0 -0 -0 -0 -0 -0 -0 -0 -0 -0 -0 -0 -0 -0 -0 -0 -0 -0 -0 -0 -0 -0 -0 -0 -0 -0 -0 -0 -0 -0 -0 -0 -0 -0 -0 -0 -0 -0 -0 -0 -0 -0 -0 -0 -0 -0 -0 -0 -0 -0 -0 -0 -0 -0 -0 -0 -0 -0 -0 -0 -0 -0 -0 -0 -0 -0 -0 -0 0 -0 -0 -0 -0 -0 -0 -0 -0 -0 -0 -0 -0 -0 -0 -0 -0 -0 -0 -0 -0 -0 -0 -0 -0 -0 -0 -0 -0 -0 -0 -0 -0 -0 -0 -0 -0 -0 -0 -0 -0 -0 -0 -0 -0 -0 -0 -0 -0 -0 -0 -0 -0 -0 -0 -0 -0 1 -0 -0 -0 -0 -0 -0 -0 -0 -0 -0 -0 -0 -0 -0 -0 -0 -0 -0 -0 -0 -0 -0 -0 -0 -0 -0 -0 -0 -0 -0 -0 -0 -0 -0 -0 -0 -0 -0 -0 -0 -0 -0 -0 -0 -0 -0 -0 -0 -0 -0 -0 -0 -0 -0 -0 -0 -0 -0 -0 -0 -0 -0 -0 -0 -0 -0 -0 -0 -0 -0 -0 -0 -0 -0 -0 -0 -0 -0 -0 -0 -0 -0 -0 -0 -0 -0 -0 -0 -0 -0 -0 -0 -0 -0 -0 -0 -0 -0 -0 -0 -0 -0 -0 -0 -0 -0 -0 -0 -0 -0 -0 -0 -0 -0 -0 -0 -0 -0 -0 -0 -0 -0 -0 -0 -0 -0 -0 -0 -0 -0 -0 -0 -0 -0 -0 -0 -0 -0 -0 -0 -0 -0 -0 -0 -0 -0 -0 -0 -0 -0 -0 -0 -0 -0 -0 -0 -0 -0 -0 -0 -0 -0 -0 -0 -0 -0 -0 -0 -0 -0 -0 -0 -0 -0 -0 -0 -0 -0 -0 -0 -0 -0 -0 -0 -0 -0 -0 -0 -0 -0 -0 -0 -0 -0 -0 -0 1 -0 -0 -0 -0 -0 -0 -0 -0 -0 -0 -0 -0 -0 -0 -0 -0 -0 -0 -0 -0 -0 -0 -0 -0 -0 -0 -0 -0 -0 -0 -0 -0 -0 -0 -0 -0 -0 -0 -0 -0 -0 0 -0 -0 -0 -0 -0 -0 -0 -0 -0 -0 -0 -0 -0 -0 -0 -0 -0 -0 -0 -0 -0 -0 -0 -0 -0 -0 -0 -0 -0 -0 -0 -0 -0 -0 -0 -0 -0 -0 -0 -0 -0 -0 -0 -0 -0 -0 -0 -0 -0 -0 -0 -0 -0 -0 -0 -0 -0 -0 -0 -0 -0 -0 -0 -0 -0 -0 -0 -0 -0 -0 -0 -0 -0 -0 -0 -0 -0 -0 -0 -0 -0 -0 -0 -0 -0 -0 -0 -0 -0 -0 -0 -0 -0 -0 -0 -0 -0 -0 -0 -0 -0 -0 -0 -0 -0 -0 -0 -0 -0 -0 -0 -0 -0 -0 -0 -0 -0 -0 -0 -0 -0 -0 -0 -0 -0 -0 -0 -0 -0 -0 -0 -0 -0 -0 -0 -0 -0 -0 -0 -0 -0 -0 -0 -0 -0 -0 -0 -0 -0 -0 -0 -0 -0 -0 -0 -0 -0 -0 -0 -0 -0 -0 -0 -0 -0 -0 -0 -0 -0 -0 -0 -0 -0 -0 -0 -0 -0 -0 -0 -0 -0 -0 -0 -0 -0 -0 -0 -0 -0 -0 -0 -0 -0 -0 -0 -0 -0 -0 -0 -0 -0 -0 -0 -0 -0 -0 -0 -0 -0 -0 -0 -0 -0 -0 -0 -0 -0 -0 -0 -0 -0 -0 -0 -0 -0 -0 -0 -0 -0 -0 -0 -0 -0 -0 -0 -0 -0 -0 -0 -0 -0 -0 -0 -0 -0 -0 -0 -0 -0 -0 -0 -0 -0 -0 -0 -0 -0 -0 -0 -0 -0 0 
-0 -0 -0 -0 -0 -0 -0 -0 -0 -0 -0 -0 -0 -0 -0 -0 -0 -0 -0 -0 -0 -0 -0 -0 -0 -0 -0 -0 -0 -0 -0 -0 -0 -0 -0 -0 -0 -0 -0 -0 -0 -0 -0 -0 -0 -0 -0 -0 -0 -0 -0 -0 -0 -0 -0 -0 -0 -0 -0 -0 -0 -0 -0 -0 -0 -0 -0 -0 -0 -0 -0 -0 -0 0.222222 -0 -0 -0 -0 -0 -0 -0 -0 -0 -0 -0 -0 -0 -0 -0 -0 -0 -0 -0 -0 -0 -0 -0 -0 -0 -0 -0 -0 -0 -0 -0 -0 -0 -0 -0 -0 -0 -0 -0 -0 -0 -0 -0 -0 -0 -0 -0 -0 -0 -0 -0 -0 -0 -0 -0 -0 -0 -0 -0 -0 -0 -0 -0 -0 -0 -0 -0 -0 -0 -0 -0 -0 -0 -0 -0 -0 -0 -0 -0 -0 -0 -0 -0 -0 -0 -0 -0 -0 -0 -0 -0 -0 -0 -0 -0 -0 -0 -0 -0 -0 -0 -0 -0 -0 -0 -0 -0 -0 -0 -0 -0 -0 -0 -0 -0 -0 -0 -0 -0 -0 -0 -0 -0 -0 -0 -0 -0 -0 -0 -0 -0 -0 -0 -0 -0 -0 -0 -0 -0 -0 -0 -0 -0 -0 -0 -0 -0 -0 -0 -0 -0 -0 -0 -0 -0 -0 -0 -0 -0 -0 -0 -0 -0 -0 -0 -0 -0 -0 -0 -0 -0 -0 -0 -0 -0 -0 -0 -0 -0 -0 -0 -0 -0 -0 -0 -0 -0 -0 -0 -0 -0 -0 -0 -0 -0 -0 -0 -0 -0 -0 -0 -0 -0 -0 -0 -0 -0 -0 -0 -0 -0 -0 -0 -0 -0 -0 -0 -0 -0 -0 -0 -0 -0 -0 -0 -0 -0 -0 -0 -0 -0 -0 -0 -0 -0 -0 -0 -0 -0 -0 -0 -0 -0 -0 -0 -0 -0 -0 -0 -0 -0 -0 -0 -0 -0 -0 -0 -0 -0 -0 -0 -0 -0 -0 -0 -0 -0 -0 -0 -0 -0 -0 -0 -0 -0 -0 -0 -0 -0 -0 -0 -0 -0 -0 -0 -0 -0 -0 -0 -0 -0 -0 -0 -0 -0 -0 -0 -0 -0 -0 -0 -0 -0 -0 -0 -0 -0 -0 -0 -0 -0 -0 -0 -0 -0 -0 -0 -0 -0 -0 -0 -0 -0 -0 -0 -0 -0 -0 -0 -0 -0 -0 -0 -0 -0 -0 -0 -0 -0 -0 -0 -0 -0 -0 -0 -0 -0 -0 -0 -0 -0 -0 -0 -0 -0 -0 -0 -0 -0 -0 -0 0.111111 -0 -0 -0 -0 -0 -0 -0 -0 1.38778e-17 -0 -0 -0 -0 -0 -0 -0 -0 -0 -0 -0 -0 -0 -0 -0 -0 -0 -0 -0 -0 -0 -0 -0 -0 -0 -0 -0 -0 -0 0.5 -0 -0 -0 -0 -0 -0 -0 -0 -0 -0 -0 -0 -0 -0 -0 -0 -0 -0 -0 -0 -0 -0 -0 -0 -0 -0 -0 -0 -0 -0 -0 -0 -0 -0 -0 -0 -0 -0 -0 -0 -0 -0 -0 -0 -0 -0 -0 -0 -0 -0 -0 -0 -0 -0 -0 -0 -0 -0 -0 -0 -0 -0 -0 -0 -0 -0 -0 -0 -0 -0 -0 -0 -0 -0 -0 -0 -0 -0 -0 -0 -0 -0 -0 -0 -0 -0 -0 -0 -0 -0 -0 -0 -0 -0 -0 -0 -0 -0 -0 -0 -0 -0 -0 -0 -0 -0 -0 -0 -0 -0 -0 -0 -0 -0 -0 -0 -0 -0 -0 -0 -0 -0 -0 -0 -0 -0 -0 -0 -0 -0 -0 -0 -0 -0 -0 -0 -0 -0 -0 -0 -0 -0 -0 -0 -0 -0 -0 -0 -0 -0 -0 -0 -0 -0 -0 -0 -0 -0 -0 -0 -0 -0 -0 -0 -0 -0 -0 -0 -0 -0 -0 -0 -0 -0 -0 -0 -0 -0 -0 -0 -0 -0 -0 -0 -0 -0 -0 -0 -0 -0 -0 -0 -0 -0 -0 -0 -0 -0 -0 0.277778 -0 -0 -0 -0 -0 -0 -0 -0 -0 -0 -0 -0 -0 -0 -0 -0 -0 -0 -0 -0 -0 -0 -0 -0 -0 -0 -0 -0 -0 -0 -0 -0 -0 -0 -0 -0 -0 -0 -0 -0 -0 -0 -0 -0 -0 -0 -0 -0 -0 -0 -0 -0 -0 -0 -0 -0 -0 -0 -0 -0 -0 -0 -0 -0 -0 -0 -0 -0 -0 -0 -0 -0 -0 -0 -0 -0 -0 -0 -0 -0 -0 -0 -0 -0 -0 -0 -0 -0 -0 -0 -0 -0 -0 -0 -0 -0 -0 -0 -0 -0 -0 -0 -0 -0 -0 -0 -0 -0 -0 -0 -0 -0 -0 -0 -0 -0 -0 -0 -0 -0 -0 -0 -0 -0 -0 -0 -0 -0 -0 -0 -0 -0 -0 -0 -0 -0 -0 -0 -0 -0 -0 -0 -0 -0 -0 -0 -0 -0 -0 -0 -0 -0 -0 -0 -0 -0 -0 -0 -0 -0 -0 -0 -0 -0 -0 0.5 -0 -0 -0 -0 -0 -0 -0 -0 -0 -0 -0 -0 -0 -0 -0 -0 -0 -0 -0 -0 -0 -0 -0 -0 -0 -0 -0 -0 -0 -0 -0 -0 -0 -0 -0 -0 -0 -0 -0 -0 -0 -0 -0 -0 -0 -0 -0 -0 -0 -0 -0 -0 -0 -0 -0 -0 -0 -0 -0 -0 -0 -0 -0 -0 -0 -0 -0 -0 -0 -0 -0 -0 -0 -0 -0 -0 -0 -0 -0 -0 -0 -0 -0 -0 -0 -0 -0 -0 -0 -0 -0 -0 -0 -0 -0 -0 -0 -0 -0 -0 -0 -0 -0 -0 -0 -0 -0 -0 -0 -0 -0 -0 -0 -0 -0 -0 -0 -0 -0 -0 -0 -0 -0 -0 -0 -0 -0 -0 -0 -0 -0 -0 -0 -0 -0 -0 -0 -0 -0 -0 -0 -0 -0 -0 -0 -0 -0 -0 -0 -0 -0 -0 -0 -0 -0 -0 -0 -0 -0 -0 -0 -0 -0 -0 -0 -0 -0 -0 -0 -0 -0 -0 -0 -0 -0 -0 -0 -0 -0 -0 -0 -0 -0 -0 -0 -0 -0 -0 -0 -0 -0 -0 -0 -0 -0 -0 -0 -0 -0 -0 -0 -0 -0 -0 -0 -0 -0 -0 -0 -0 -0 -0 -0 -0 -0 -0 -0 -0 -0 -0 -0 -0 -0 -0 -0 -0 -0 -0 -0 -0 -0 -0 -0 -0 -0 -0 -0 -0 -0 -0 -0 -0 -0 -0 -0 -0 -0 -0 -0 -0 -0 -0 -0 -0 -0 -0 -0 -0 -0 -0 -0 -0 -0 -0 -0 -0 -0 -0 -0 -0 -0 -0 -0 -0 0.5 -0 -0 -0 -0 -0 -0 -0 -0 -0 -0 -0 -0 -0 -0 -0 -0 -0 -0 -0 -0 -0 -0 -0 -0 -0 -0 -0 -0 -0 -0 -0 -0 -0 -0 -0 -0 -0 -0 -0 -0 -0 -0 -0 -0 -0 -0 -0 -0 -0 -0 -0 -0 -0 -0 -0 -0 -0 -0 -0 -0 -0 -0 -0 -0 -0 -0 -0 -0 -0 -0 -0 -0 -0 -0 -0 -0 -0 -0 -0 -0 -0 -0 -0 -0 -0 -0 -0 -0 -0 -0 -0 -0 -0 -0 -0 -0 -0 -0 -0 -0 -0 -0 -0 -0 -0 -0 -0 -0 -0 -0 -1.38778e-17 -0 -0 -0 -0 -0 -0 -0 -0 -0 -0 -0 -0 -0 -0 -0 -0 -0 -0 -0 -0 -0 -0 -0 -0 -0 -0 -0 -0 -0 -0 -0 -0 -0 -0 -0 -0 -0 -0 -0 -0 -0 -0 -0 -0 -0 -0 -0 -0 -0 -0 -0 -0 -0 -0 -0 -0 -0 -0 -0 -0 -0 -0 -0 -0 -0 -0 -0 -0 -0 -0 -0 -0 -0 -0 -0 -0 -0 -0 -0 -0 -0 -0 -0 -0 -0 -0 -0 -0 -0 1.38778e-17 -0 -0 -0 -0 -0 -0 -0 -0 -0 -0 -0 -0 -0 -0 -0 -0 -0 -0 -0 -0 -0 -0 -0 -0 -0 -0 -0 -0 -0 -0 -0 -0 -0 -0 -0 -0 -0 -0 -0 -0 -0 -0 -0 -0 -0 -0 -0 -0 -0 -0 -0 -0 -0 -0 -0 -0 -0 -0 -0 -0 -0 -0 -0 -0 -0 -0 -0 -0 -0 -0 -0 -0 -0 -0 -0 -0 -0 -0 -0 -0 -0 -0 -0 -0 -0 -0 -0 -0 -0 -0 -0 -0 -0 -0 -0 -0 -0 -0 -0 -0 -0 -0 -0 -0 -0 -0 -0 -0 -0 -0 -0 -0 -0 -0 -0 -0 -0 -0 -0 -0 -0 -0 -0 -0 -0 -0 -0 -0 -0 -0 -0 -0 -0 -0 -0 -0 -0 -0 -0 -0 -0 -0 -0 -0 -0 -0 -0 -0 -0 -0 -0 -0 -0 -0 -0 -0 -0 -0 -0 -0 -0 -0 -0 -0 -0 -0 -0 -0 -0 -0 -0 -0 -0 -0 -0 -0 -0 -0 -0 -0 -0 -0 -0 -0 -0 -0 -0 -0 -0 -0 -0 -0 -0 -0 -0 -0 -0 -0 -0 -0 -0 -0 -0 -0 -0 -0 -0 -0 -0 -0 -0 -0 -0 -0 -0 -0 -0 -0 -0 -0 -0 -0 -0 -0 -0 -0 -0 -0 -0 -0 -0 -0 -0 -0 -0 -0 -0 -0 -0 -0 0.722222 -0 -0 -0 -0 -0 -0 -0 -0 -0 -0 -0 -0 -0 -0 -0 -0 -0 -0 -0 -0 -0 -0 -0 -0 -0 -0 -0 -0 -0 -0 -0 -0 -0 -0 -0 -0 -0 -0 -0 -0 -0 -0 -0 -0 -0 -0 -0 -0 -0 -0 -0 -0 -0 -0 -0 -0 -0 -0 -0 -0 -0 -0 -0 -0 -0 -0 -0 -0 -0 -0 -0 -0 -0 -0 -0 -0 -0 -0 -0 -0 -0 -0 -0 -0 -0 -0 -0 -0 -0 -0 -0 -0 -0 -0 -0 -0 -0 -0 -0 -0 -0 -0 -0 -0 -0 -0 -0 -0 -0 -0 -0 1.38778e-17 -0 -0 -0 -0 -0 -0 -0 -0 -0 -0 -0 -0 -0 -0 -0 -0 -0 -0 -0 -0 -0 -0 -0 -0 -0 -0 -0 -0 -0 -0 -0 -0 -0 -0 -0 -0 -0 -0 -0 -0 -0 -0 -0 -0 -0 -0 -0 -0 -0 -0 -0 -0 -0 -0 -0 -0 -0 -0 -0 -0 -0 -0 -0 -0 -0 -0 -0 -0 -0 -0 -0 -0 -0 -0 -0 -0 -0 -0 -0 -0 -0 -0 -0 -0 -0 -0 -0 -0 -0 -0 -0 -0 -0 -0 -0 0 -0 -0 -0 -0 -0 -0 -0 -0 -0 -0 -0 -0 -0 -0 -0 -0 -0 -0 -0 -0 -0 -0 -0 -0 -0 -0 -0 -0 -0 -0 -0 -0 -0 -0 -0 -0 -0 0.0555556 -0 -0 -0 -0 -0 -0 0.888889 -0 -0 -0 -0 -0 -0 -0 -0 0.0555556 
-0 -0 -0 -0 -0 -0 -0 -0 -0 -0 -0 -0 -0 -0 -0 -0 -0 -0 -0 -0 -0 -0 -0 -0 -0 -0 -0 -0 -0 -0 -0 -0 -0 -0 -0 -0 -0 -0 -0 -0 -0 -0 -0 -0 -0 -0 -0 -0 -0 -0 -0 -0 -0 -0 -0 -0 -0 -0 -0 -0 -0 -0 -0 -0 -0 -0 -0 -0 -0 -0 -0 -0 -0 -0 -0 -0 -0 -0 -0 -0 -0 -0 -0 -0 -0 -0 -0 -0 -0 0 -0 -0 -0 -0 -0 -0 -0 -0 -0 -0 -0 -0 -0 -0 -0 -0 -0 -0 -0 -0 -0 -0 -0 -0 -0 -0 -0 -0 -0 -0 -0 -0 -0 -0 -0 -0 -0 -0 -0 -0 -0 -0 -0 -0 -0 -0 -0 -0 -0 -0 -0 -0 -0 -0 -0 -0 -0 -0 -0 -0 -0 -0 -0 -0 -0 -0 -0 -0 -0 -0 -0 -0 -0 -0 -0 -0 -0 -0 -0 -0 -0 -0 -0 -0 -0 -0 -0 -0 -0 -0 -0 -0 -0 -0 -0 -0 -0 -0 -0 -0 -0 -0 -0 -0 -0 -0 -0 -0 -0 -0 -0 -0 -0 -0 -0 -0 -0 -0 -0 -0 -0 -0 -0 -0 -0 -0 -0 -0 -0 -0 -0 -0 -0 -0 -0 -0 -0 -0 -0 -0 -0 -0 -0 -0 -0 -0 -0 -0 -0 -0 -0 -0 -0 -0 -0 -0 -0 -0 1 -0 -0 -0 -0 -0 -0 -0 -0 -0 -0 -0 -0 -0 -0 -0 -0 -0 -0 -0 -0 -0 -0 -0 -0 -0 -0 -0 -0 -0 -0 -0 -0 -0 -0 -0 -0 -0 -0 -0 -0 -0 -0 -0 -0 -0 -0 -0 -0 -0 -0 -0 -0 -0 -0 -0 -0 -0 -0 -0 -0 -0 -0 -0 -0 -0 -0 -0 -0 -0 -0 -0 -0 -0 -0 -0 -0 -0 -0 -0 -0 -0 -0 -0 -0 -0 -0 -0 -0 -0 -0 -0 -0 -0 -0 -0 -0 -0 -0 -0 -0 -0 -0 -0 -0 -0 -0 -0 -0 -0 -0 -0 -0 -0 -0 -0 -0 -0 -0 -0 -0 -0 -0 -0 -0 -0 -0 -0 -0 -0 -0 -0 -0 -0 -0 -0 -0 -0 -0 -0 -0 -0 -0 -0 -0 -0 -0 -0 -0 -0 -0 -0 -0 -0 -0 -0 -0 -0 -0 -0 -0 -0 -0 -0 -0 -0 -0 -0 -0 -0 -0 -0 -0 -0 -0 -0 -0 -0 -0 -0 -0 0 -0 -0 -0 -0 -0 -0 -0 -0 -0 -0 -0 -0 -0 -0 0 -0 -0 -0 -0 -0 -0 -0 -0 -0 -0 -0 -0 -0 -0 -0 -0 -0 -0 -0 -0 -0 -0 -0 -0 -0 -0 -0 -0 -0 -0 -0 -0 -0 -0 -0 1 -0 -0 -0 -0 -0 -0 -0 -0 -0 -0 -0 -0 -0 -0 -0 -0 -0 -0 -0 -0 -0 -0 -0 -0 -0 -0 -0 -0 -0 -0 -0 -0 -0 -0 -0 -0 -0 -0 -0 -0 -0 -0 -0 -0 -0 -0 -0 -0 -0 -0 -0 -0 -0 -0 -0 -0 -0 -0 -0 -0 -0 -0 -0 -0 -0 -0 -0 -0 -0 -0 -0 -0 -0 -0 -0 -0 -0 -0 -0 -0 -0 -0 -0 -0 -0 -0 -0 -0 -0 -0 -0 -0 -0 -0 -0 -0 -0 -0 -0 -0 -0 -0 -0 -0 -0 -0 -0 -0 -0 -0 -0 -0 -0 -0 -0 -0 -0 -0 -0 0 -0 -0 -0 -0 -0 -0 -0 -0 -0 -0 -0 -0 -0 -0 -0 -0 -0 -0 -0 -0 -0 -0 -0 -0 -0 -0 -0 -0 -0 -0 -0 -0 -0 -0 -0 -0 -0 -0 -0 -0 -0 -0 -0 -0 -0 -0 -0 -0 -0 -0 -0 -0 -0 -0 -0 -0 -0 -0 -0 -0 -0 -0 -0 -0 -0 -0 -0 -0 -0 -0 -0 -0 -0 -0 -0 -0 -0 -0 -0 -0 -0 -0 -0 -0 -0 -0 -0 -0 -0 -0 -0 -0 -0 -0 -0 -0 -0 -0 -0 -0 -0 -0 -0 -0 -0 -0 -0 -0 -0 -0 -0 -0 -0 -0 -0 -0 -0 -0 -0 -0 -0 0 -0 -0 -0 -0 -0 -0 -0 -0 -0 -0 -0 -0 -0 -0 -0 -0 -0 -0 -0 -0 -0 -0 -0 -0 -0 -0 -0 -0 -0 -0 -0 -0 -0 -0 -0 -0 -0 -0 -0 -0 -0 -0 -0 -0 -0 -0 -0 -0 -0 -0 -0 -0 -0 -0 -0 -0 -0 -0 -0 -0 -0 -0 -0 -0 -0 -0 -0 -0 -0 -0 -0 -0 -0 -0 -0 -0 -0 -0 -0 -0 -0 -0 -0 -0 -0 -0 -0 -0 -0 -0 -0 -0 -0 -0 -0 -0 -0 -0 -0 -0 -0 -0 -0 -0 -0 -0 -0 -0 -0 -0 -0 -0 -0 -0 -0 -0 -0 -0 -0 -0 -0 -0 -0 -0 -0 -0 -0 -0 -0 -0 -0 -0 -0 -0 -0 -0 -0 -0 -0 -0 -0 -0 -0 -0 -0 -0 -0 -0 -0 -0 -0 -0 -0 -0 -0 -0 -0 -0 -0 -0 -0 -0 -0 -0 -0 -0 -0 -0 -0 -0 -0 -0 -0 -0 -0 0 -0 -0 -0 -0 -0 -0 -0 -0 -0 -0 -0 -0 -0 -0 -0 -0 -0 -0 -0 -0 -0 -0 -0 -0 -0 -0 -0 -0 -0 -0 -0 -0 -0 -0 -0 -0 -0 -0 -0 -0 -0 -0 -0 -0 -0 -0 -0 -0 -0 -0 -0 -0 -0 -0 -0 -0 -0 -0 -0 -0 -0 -0 -0 -0 -0 -0 -0 -0 -0 -0 -0 -0 -0 -0 -0 -0 -0 -0 -0 -0 -0 -0 -0 -0 -0 -0 -0 -0 -0 -0 -0 -0 -0 -0 -0 -0 -0 -0 -0 -0 -0 -0 -0 0 -0 -0 -0 -0 -0 -0 -0 -0 -0 -0 -0 -0 -0 -0 -0 -0 -0 -0 -0 -0 -0 -0 -0 -0 -0 -0 -0 -0 -0 -0 -0 -0 -0 -0 -0 -0 -0 -0 -0 -0 -0 -0 -0 -0 -0 -0 -0 -0 -0 -0 -0 -0 -0 -0 -0 -0 -0 -0 -0 -0 -0 -0 -0 -0 -0 -0 -0 -0 -0 -0 -0 -0 -0 -0 -0 -0 -0 -0 -0 -0 -0 -0 -0 -0 -0 -0 -0 -0 -0 -0 -0 -0 -0 -0 -0 -0 -0 -0 -0 -0 -0 -0 -0 -0 -0 -0 -0 -0 -0 -0 -0 -0 -0 -0 -0 -0 -0 -0 -0 -0 -0 -0 -0 -0 -0 -0 -0 -0 -0 -0 -0 -0 -0 -0 -0 -0 -0 -0 -0 -0 -0 -0 -0 -0 -0 -0 -0 -0 -0 -0 -0 -0 -0 -0 -0 -0 -0 -0 -0 -0 -0 -0 -0 -0 -0 -0 -0 -0 -0 -0 -0 -0 -0 -0 -0 -0 -0 -0 -0 -0 -0 -0 -0 -0 -0 -0 -0 -0 -0 -0 -0 -0 -0 -0 -0 -0 -0 -0 -0 -0 -0 -0 -0 -0 -0 -0 -0 -0 -0 -0 -0 -0 -0 -0 -0 -0 -0 -0 -0 -0 -0 -0 -0 -0 -0 -0 -0 -0 -0 -0 -0 -0 -0 -0 -0 -0 -0 -0 -0 -0 -0 -0 -0 -0 -0 -0 -0 -0 -0 -0 -0 -0 -0 -0 -0 -0 -0 -0 -0 -0 -0 -0 -0 -0 -0 -0 -0 -0 -0 -0 -0 -0 -0 -0 -0 -0 -0 -0 -0 -0 -0 -0 -0 -0 -0 -0 -0 -0 -0 -0 -0 -0 -0 -0 -0 -0 1 -0 -0 -0 -0 -0 -0 -0 -0 -0 -0 -0 -0 -0 -0 -0 -0 -0 -0 -0 -0 -0 -0 -0 -0 -0 -0 -0 -0 -0 -0 -0 -0 -0 -0 -0 -0 -0 -0 -0 -0 -0 -0 -0 -0 -0 -0 -0 -0 -0 -0 -0 -0 -0 -0 -0 -0 -0 -0 -0 -0 -0 -0 -0 -0 -0 -0 -0 -0 -0 -0 -0 -0 -0 -0 -0 -0 -0 -0 -0 -0 -0 -0 -0 -0 -0 -0 -0 -0 -0 -0 -0 -0 -0 -0 -0 -0 -0 -0 -0 -0 -0 -0 -0 -0 -0 -0 -0 -0 -0 -0 -0 -0 -0 -0 -0 -0 -0 -0 -0 -0 -0 -0 -0 -0 -0 -0 -0 -0 -0 -0 -0 -0 -0 -0 -0 -0 -0 -0 -0 -0 -0 -0 -0 -0 -0 -0 -0 -0 -0 -0 -0 -0 -0 -0 -0 -0 -0 -0 -0 -0 -0 -0 -0 -0 -0 -0 -0 -0 -0 -0 -0 -0 -0 -0 -0 -0 -0 -0 -0 -0 -0 -0 -0 -0 -0 -0 -0 -0 -0 -0 -0 -0 -0 -0 0 0 -0 -0 -0 -0 -0 -0 -0 -0 -0 -0 -0 -0 -0 -0 -0 -0 -0 -0 -0 -0 -0 -0 -0 -0 -0 -0 -0 -0 -0 -0 -0 -0 -0 -0 -0 -0 -0 -0 -0 -0 -0 -0 -0 -0 -0 -0 -0 -0 -0 -0 -0 -0 -0 -0 -0 -0 -0 -0 -0 -0 -0 -0 -0 -0 -0 -0 -0 -0 -0 -0 -0 -0 -0 -0 -0 -0 -0 -0 -0 -0 -0 -0 -0 -0 -0 -0 -0 -0 -0 -0 -0 -0 -0 -0 -0 -0 -0 -0 -0 -0 -0 -0 -0 -0 -0 -0 -0 -0 -0 -0 -0 -0 -0 -0 -0 -0 -0 -0 -0 -0 -0 -0 -0 -0 -0 -0 -0 -0 -0 -0 -0 -0 -0 -0 -0 -0 -0 -0 -0 -0 -0 -0 -0 -0 -0 -0 -0 -0 -0 -0 -0 -0 -0 -0 -0 -0 -0 -0 -0 -0 -0 -0 -0 -0 -0 -0 -0 -0 -0 -0 -0 -0 -0 -0 -0 -0 -0 -0 -0 -0 -0 -0 -0 -0 -0 -0 -0 -0 -0 -0 -0 -0 -0 -0 -0 -0 -0 -0 -0 -0 -0 -0 -0 -0 -0 -0 -0 -0 -0 -0 -0 -0 -0 -0 -0 -0 -0 -0 -0 -0 -0 -0 -0 -0 -0 -0 -0 -0 -0 -0 -0 -0 -0 -0 -0 -0 -0 -0 -0 -0 -0 -0 -0 -0 -0 -0 -0 -0 -0 1 -0 -0 -0 -0 -0 -0 -0 -0 -0 -0 -0 -0 -0 0 -0 -0 -0 -0 -0 -0 -0 -0 -0 -0 -0 -0 -0 -0 -0 -0 -0 -0 -0 -0 -0 -0 -0 -0 -0 -0 -0 -0 -0 -0 -0 -0 -0 -0 -0 -0 -0 -0 -0 -0 -0 0 -0 -0 -0 -0 -0 -0 -0 -0 -0 -0 -0 -0 -0 -0 -0 -0 -0 -0 
-0 -0 -0 -0 -0 -0 -0 -0 -0 -0 -0 -0 -0 -0 -0 -0 -0 -0 -0 -0 -0 -0 -0 -0 -0 -0 -0 -0 -0 -0 -0 -0 -0 -0 -0 -0 -0 -0 -0 -0 -0 -0 -0 -0 -0 -0 -0 -0 -0 -0 -0 -0 -0 -0 -0 -0 -0 -0 -0 -0 -0 -0 -0 -0 -0 -0 -0 -0 -0 -0 -0 -0 -0 -0 -0 -0 -0 -0 -0 -0 -0 -0 -0 -0 -0 -0 -0 -0 -0 -0 -0 -0 -0 -0 -0 -0 -0 -0 -0 -0 -0 -0 -0 -0 -0 -0 -0 -0 -0 -0 -0 -0 -0 -0 -0 -0 -0 -0 -0 -0 -0 -0 -0 -0 0.142857 -0 -0 -0 -0 -0 -0 -0 -0 -0 -0 -0 -0 -0 -0 -0 -0 -0 -0 -0 -0 -0 -0 -0 -0 -0 -0 -0 -0 -0 -0 -0 -0 -0 -0 -0 -0 -0 -0 -0 -0 -0 -0 -0 -0 -0 -0 -0 -0 -0 -0 -0 -0 -0 -0 -0 -0 -0 -0 -0 -0 -0 -0 -0 -0 -0 -0 -0 -0 -0 -0 -0 -0 -0 -0 -0 -0 -0 -0 -0 -0 -0 -0 -0 -0 -0 -0 -0 -0 -0 -0 -0 -0 -0 -0 -0 -0 -0 -0 -0 -0 -0 -0 -0 -0 -0 -0 -0 -0 -0 -0 -0 -0 -0 -0 -0 -0 -0 -0 -0 -0 -0 -0 -0 -0 -0 -0 -0 -0 -0 -0 -0 -0 -0 -0 -0 -0 -0 -0 -0 -0 -0 -0 -0 -0 -0 -0 -0 -0 -0 -0 -0 -0 -0 -0 -0 -0 -0 -0 -0 -0 -0 -0 -0 -0 -0 -0 -0 -0 -0 -0 -0 -0 -0 -0 -0 -0 -0 -0 -0 -0 -0 -0 -0 -0 -0 -0 -0 -0 -0 -0 -0 -0 -0 -0 -0 -0 -0 -0 -0 -0 -0 -0 -0 -0 -0 -0 -0 -0 -0 -0 -0 -0 -0 -0 -0 -0 -0 -0 -0 -0 -0 -0 -0 -0 -0 -0 -0 -0 -0 -0 -0 -0 -0 -0 -0 -0 -0 -0 -0 -0 -0 -0 -0 -0 -0 -0 -0 -0 -0 -0 -0 -0 -0 -0 -0 -0 -0 -0 -0 -0 -0 -0 -0 -0 -0 -0 -0 -0 -0 -0 -0 -0 -0 -0 -0 -0 0 -0 -0 -0 -0 -0 -0 -0 -0 -0 -0 -0 -0 -0 -0 -0 -0 -0 -0 -0 -0 -0 -0 -0 -0 -0 -0 -0 -0 -0 -0 -0 -0 -0 -0 -0 -0 -0 -0 -0 -0 -0 -0 -0 -0 -0 -0 -0 -0 -0 -0 -0 -0 -0 -0 -0 -0 -0 -0 -0 -0 -0 -0 -0 -0 -0 -0 -0 -0 -0 -0 -0 -0 -0 -0 -0 -0 -0 -0 -0 -0 -0 -0 -0 -0 -0 -0 -0 -0 -0 -0 -0 -0 -0 -0 -0 -0 -0 -0 -0 -0 -0 -0 -0 -0 -0 -0 -0 -0 -0 -0 -0 -0 -0 -0 -0 -0 -0 -0 -0 -0 -0 -0 -0 -0 -0 -0 -0 -0 -0 -0 -0 -0 -0 -0 -0 -0 -0 -0 -0 -0 -0 -0 -0 -0 -0 -0 -0 -0 -0 -0 -0 -0 -0 -0 -0 -0 -0 -0 -0 -0 -0 -0 -0 -0 -0 -0 -0 -0 -0 -0 -0 -0 -0 -0 -0 -0 -0 -0 -0 -0 -0 -0 -0 -0 -0 -0 -0 -0 -0 -0 -0 -0 -0 -0 -0 -0 -0 -0 -0 -0 -0 -0 -0 -0 -0 -0 -0 -0 -0 -0 -0 -0 -0 -0 -0 -0 -0 -0 -0 -0 -0 -0 -0 -0 -0 -0 -0 -0 -0 -0 -0 -0 -0 -0 -0 -0 -0 -0 -0 -0 -0 -0 -0 -0 -0 -0 1 -0 -0 -0 -0 -0 -0 -0 -0 -0 -0 -0 -0 -0 -0 -0 -0 -0 -0 -0 -0 -0 -0 -0 -0 0 -0 -0 -0 -0 -0 -0 -0 -0 -0 -0 -0 -0 -0 -0 -0 -0 -0 -0 -0 -0 -0 -0 -0 -0 -0 -0 -0 -0 -0 -0 -0 -0 -0 -0 -0 -0 -0 -0 -0 -0 -0 -0 -0 -0 -0 -0 -0 -0 -0 -0 -0 -0 -0 -0 -0 -0 -0 -0 -0 -0 -0 -0 -0 -0 -0 -0 -0 -0 -0 -0 -0 -0 -0 -0 -0 -0 -0 -0 -0 -0 -0 -0 -0 -0 -0 -0 -0 -0 -0 -0 -0 -0 -0 -0 -0 -0 -0 -0 -0 -0 -0 -0 -0 -0 -0 -0 -0 -0 -0 -0 -0 -0 -0 -0 -0 -0 -0 -0 -0 -0 -0 -0 -0 -0 -0 -0 -0 -0 -0 -0 -0 -0 -0 -0 -0 -0 -0 -0 -0 -0 -0 -0 -0 -0 -0 -0 -0 -0 -0 -0 -0 -0 -0 -0 -0 -0 -0 -0 -0 -0 -0 -0 -0 -0 -0 -0 -0 -0 -0 -0 0.357143 -0 -0 -0 -0 -0 -0 -0 -0 -0 -0 -0 0.357143 -0 -0 -0 -0 -0 -0 -0 -0 -0 -0 -0 -0 -0 -0 -0 -0 -0 -0 -0 -0 -0 -0 -0 -0 -0 -0 -0 -0 -0 -0 -0 -0 -0 -0 -0 -0 -0 -0 -0 -0 -0 -0 -0 -0 -0 -0 -0 -0 -0 -0 -0 -0 -0 -0 -0 -0 -0 -0 -0 -0 -0 -0 -0 -0 -0 -0 -0 -0 -0 -0 -0 -0 -0 -0 -0 -0 -0 -0 -0 -0 -0 -0 -0 -0 -0 -0 -0 -0 -0 -0 -0 -0 -0 -0 -0 -0 -0 -0 -0 -0 -0 -0 -0 -0 -0 -0 -0 -0 -0 -0 -0 -0 -0 -0 -0 -0 -0 -0 -0 -0 -0 -0 -0 -0 -0 -0 -0 -0 -0 -0 -0 -0 -0 -0 -0 -0 -0 -0 -0 -0 -0 -0 -0 -0 -0 -0 -0 -0 -0 -0 -0 -0 -0 -0 -0 -0 -0 -0 -0 -0 -0 -0 -0 -0 -0 -0 -0 -0 -0 -0 -0 -0 -0 -0 -0 -0 -0 -0 -0 -0 -0 -0 -0 -0 -0 0.142857 -0 -0 -0 -0 -0 -0 -0 -0 -0 -0 -0 -0 -0 -0 -0 -0 -0 -0 -0 -0 -0 -0 -0 -0 -0 -0 -0 -0 -0 -0 -0 -0 -0 -0 -0 -0 -0 -0 -0 -0 -0 -0 -0 -0 -0 -0 -0 -0 -0 -0 -0 -0 -0 -0 -0 -0 -0 -0 -0 -0 -0 -0 -0 -0 -0 -0 -0 -0 -0 -0 -0 -0 -0 -0 -0 -0 -0 -0 -0 -0 -0 -0 -0 -0 -0 -0 -0 -0 -0 -0 -0 -0 -0 -0 -0 -0 -0 -0 -0 -0 -0 -0 -0 -0 -0 -0 -0 -0 -0 -0 -0 -0 -0 -0 -0 -0 -0 -0 -0 -0 -0 -0 -0 -0 -0 -0 -0 -0 -0 -0 -0 -0 -0 0.285714 -0 -0 -0 -0 -0 -0 -0 -0 -0 -0 -0 -0 -0 -0 -0 -0 -0 -0 -0 -0 -0 -0 -0 -0 -0 -0 -0 -0 -0 -0 -0 -0 -0 -0 -0 -0 -0 -0 -0 -0 -0 -0 -0 -0 -0 -0 -0 -0 -0 -0 -0 -0 -0 -0 -0 -0 -0 -0 -0 -0 -0 -0 -0 -0 -0 -0 -0 -0 -0 -0 -0 -0 -0 -0 -0 -0 -0 -0 -0 -0 -0 -0 -0 -0 -0 -0 -0 -0 -0 -0 -0 -0 -0 -0 -0 -0 -0 -0 -0 -0 -0 -0 -0 -0 -0 -0 -0 -0 -0 -0 -0 -0 -0 -0 -0 -0 -0 -0 -0 -0 -0 -0 -0 -0 -0 -0 -0 -0 -0 -0 -0 -0 -0 -0 -0 -0 -0 -0 -0 -0 -0 -0 -0 -0 -0 -0 -0 -0 -0 -0 -0 -0 -0 -0 -0 -0 -0 -0 -0 -0 -0 -0 -0 -0 -0 -0 -0 -0 -0 -0 -0 -0 -0 -0 -0 -0 -0 -0 -0 -0 -0 -0 -0 -0 -0 -0 -0 -0 -0 -0 -0 -0 -0 -0 -0 -0 -0 -0 -0 -0 -0 -0 -0 -0 -0 -0 -0 -0 -0 -0 -0 -0 -0 -0 -0 -0 -0 -0 -0 -0 -0 -0 -0 -0 -0 -0 -0 -0 -0 -0 -0 -0 -0 -0 -0 -0 -0 -0 -0 -0 -0 -0 -0 -0 -0 -0 -0 -0 -0 -0 -0 -0 -0 -0 -0 -0 -0 -0 -0 -0 -0 -0 -0 -0 -0 -0 -0 -0 -0 -0 -0 -0 -0 -0 -0 -0 -0 -0 -0 -0 -0 -0 -0 -0 -0 -0 -0 -0 -0 -0 -0 -0 -0 -0 -0 -0 -0 -0 -0 -0 -0 -0 -0 -0 -0 -0 -0 -0 -0 -0 -0 -0 -0 -0 -0 -0 -0 -0 -0 -0 -0 -0 -0 -0 -0 -0 -0 -0 -0 -0 -0 -0 -0 -0 -0 -0 -0 -0 -0 -0 -0 -0 -0 -0 -0 -0 -0 -0 -0 -0 -0 -0 -0 -0 -0 -0 -0 -0 -0 -0 -0 -0 -0 -0 -0 -0 -0 -0 -0 -0 -0 -0 -0 -0 -0 -0 -0 -0 -0 -0 0 0.428571 -0 -0 -0 -0 0.285714 -0 -0 -0 -0 -0 -0 -0 -0 -0 -0 -0 -0 -0 -0 -0 -0 -0 -0 -0 -0 -0 -0 -0 -0 -0 -0 -0 -0 -0 -0 -0 -0 -0 -0 -0 -0 -0 -0 -0 -0 -0 -0 -0 -0 -0 -0 -0 -0 -0 -0 -0 -0 -0 -0 -0 -0 -0 -0 -0 -0 -0 -0 -0 -0 -0 -0 -0 -0 -0 -0 -0 -0 -0 -0 -0 -0 -0 -0 -0 -0 -0 -0 -0 -0 -0 -0 -0 -0 -0 -0 -0 -0 -0 -0 -0 0.5 -0 -0 -0 -0 -0 -0 -0 -0 -0 -0 -0 -0 -0 -0 -0 -0 0 -0 -0 -0 -0 -0 -0 -0 -0 -0 -0 -0 -0 -0 -0 -0 -0 -0 -0 -0 -0 -0 0.0714286 -0 -0 -0 -0 -0 -0 -0 -0 -0 -0 -0 -0 -0 -0 -0 -0 -0 -0 -0 -0 -0 -0 -0 -0 -0 -0 -0 -0 -0 -0 -0 -0 -0 -0 -0 -0 -0 -0 -0 -0 -0 -0 -0 -0 -0 -0 -0 -0 -0 -0 -0 -0 -0 -0 -0 -0 -0 -0 -0 -0 -0 -0 -0 -0 -0 -0 -0 -0 -0 -0 -0 -0 -0 -0 -0 0.214286 -0 -0 -0 -0 -0 -0 -0 -0 -0 -0 -0 -0 -0 -0 -0 -0 -0 -0 -0 -0 -0 -0 -0 -0 -0 -0 -0 -0 -0 -0 -0 -0 -0 -0 -0 -0 -0 -0 -0 -0 -0 -0 -0 -0 -0 
-0 -0 -0 -0 -0 -0 -0 -0 -0 -0 -0 -0 -0 -0 -0 -0 -0 -0 -0 -0 -0 -0 -0 -0 -0 -0 -0 -0 -0 -0 -0 -0 -0 -0 -0 -0 -0 -0 -0 -0 -0 -0 -0 -0 -0 -0 -0 -0 -0 -0 -0 -0 -0 -0 -0 -0 -0 -0 -0 -0 -0 -0 -0 -0 -0 -0 -0 -0 -0 -0 -0 -0 -0 -0 -0 -0 -0 -0 -0 -0 -0 -0 -0 -0 -0 -0 -0 -0 -0 -0 -0 -0 -0 -0 -0 -0 -0 -0 -0 -0 -0 -0 -0 -0 -0 -0 -0 -0 -0 -0 -0 -0 -0 -0 -0 -0 -0 -0 -0 -0 -0 -0 -0 -0 -0 -0 -0 -0 -0 -0 -0 -0 -0 -0 -0 -0 -0 -0 -0 -0 -0 -0 -0 -0 -0 -0 -0 -0 -0 -0 -0 -0 -0 -0 -0 -0 -0 -0 -0 -0 -0 0.2 -0 -0 -0 -0 -0 -0 -0 -0 -0 -0 -0 -0 -0 -0 -0 -0 -0 -0 -0 -0 -0 -0 -0 -0 -0 -0 -0 -0 -0 -0 -0 -0 -0 -0 -0 -0 -0 -0 -0 -0 -0 -0 -0 -0 -0 -0 -0 -0 -0 -0 -0 -0 -0 -0 -0 -0 -0 -0 -0 -0 -0 -0 -0 -0 -0 -0 -0 -0 -0 -0 -0 -0 -0 -0 -0 -0 -0 -0 -0 -0 -0 -0 -0 -0 -0 -0 -0 -0 -0 -0 -0 -0 -0 -0 -0 -0 -0 -0 -0 -0 -0 -0 -0 -0 -0 -0 -0 -0 -0 -0 -0 -0 -0 -0 -0 -0 -0 -0 -0 -0 -0 -0 -0 -0 -0 -0 -0 -0 -0 -0 -0 -0 -0 -0 -0 -0 -0 -0 -0 -0 -0 -0 -0 -0 -0 -0 -0 -0 -0 -0 -0 -0 -0 -0 -0 -0 -0 -0 -0 -0 -0 -0 -0 -0 -0 -0 -0 -0 -0 -0 -0 -0 -0 -0 -0 -0 -0 -0 -0 -0 -0 -0 -0 -0 -0 -0 -0 -0 -0 -0 -0 -0 -0 -0 -0 -0 -0 -0 -0 -0 -0 -0 -0 -0 -0 -0 -0 -0 -0 -0 -0 -0 -0 -0 -0 -0 -0 -0 -0 -0 -0 -0 -0 -0 -0 -0 -0 -0 -0 -0 -0 -0 -0 -0 -0 -0 -0 -0 -0 -0 -0 -0 -0 -0 -0 -0 -0 -0 -0 -0 -0 -0 -0 -0 -0 -0 -0 -0 -0 -0 -0 -0 -0 -0 -0 -0 -0 -0 -0 -0 -0 -0 -0 -0 -0 -0 -0 -0 -0 -0 -0 -0 -0 -0 -0 -0 -0 -0 -0 -0 -0 -0 -0 -0 -0 -0 -0 -0 -0 -0 -0 -0 -0 -0 -0 -0 -0 -0 -0 -0 -0 -0 -0 -0 -0 -0 -0 -0 -0 -0 -0 -0 -0 -0 -0 -0 -0 -0 -0 -0 -0 -0 -0 -0 -0 -0 -0 -0 -0 -0 -0 -0 -0 -0 -0 -0 -0 -0 -0 -0 -0 -0 -0 -0 -0 -0 -0 -0 -0 -0 -0 -0 -0 -0 -0 -0 -0 -0 -0 -0 -0 -0 -0 -0 -0 -0 -0 -0 -0 -0 -0 -0 -0 -0 -0 -0 -0 -0 -0 -0 -0 -0 -0 -0 -0 -0 -0 -0 -0 -0 -0 -0 -0 -0 -0 -0 -0 -0 -0 -0 -0 -0 -0 -0 -0 -0 -0 -0 -0 -0 -0 -0 -0 -0 -0 -0 -0 -0 -0 -0 -0 -0 -0 -0 -0 -0 -0 -0 -0 -0 -0 -0 -0 -0 -0 -0 -0 -0 -0 -0 -0 -0 -0 -0 -0 -0 -0 -0 -0 -0 -0 -0 -0 -0 -0 -0 0 -0 -0 -0 -0 -0 -0 -0 1 -0 -0 -0 -0 -0 -0 -0 -0 -0 -0 -0 -0 -0 -0 -0 -0 -0 -0 -0 -0 -0 -0 -0 -0 -0 -0 -0 -0 -0 -0 -0 -0 -0 -0 -0 -0 -0 -0 -0 -0 -0 -0 -0 -0 -0 0 -0 -0 -0 -0 -0 -0 -0 -0 -0 -0 -0 -0 -0 -0 -0 -0 -0 -0 -0 -0 -0 -0 -0 -0 -0 -0 -0 -0 -0 -0 -0 -0 -0 -0 -0 -0 -0 -0 -0 -0 -0 -0 -0 -0 -0 -0 -0 -0 -0 -0 -0 -0 -0 -0 -0 -0 -0 -0 -0 -0 -0 -0 -0 -0 -0 -0 -0 -0 -0 -0 -0 -0 -0 -0 -0 -0 -0 -0 -0 -0 -0 -0 -0 -0 -0 -0 -0 -0 -0 -0 -0 -0 -0 -0 -0 -0 -0 -0 -0 -0 -0 -0 -0 -0 -0 -0 -0 -0 -0 -0 -0 -0 -0 -0 -0 -0 -0 -0 -0 -0 -0 -0 -0 -0 -0 -0 -0 -0 -0 -0 -0 -0 -0 -0 -0 -0 -0 -0 -0 -0 -0 -0 -0 -0 -0 -0 -0 0.6 -0 -0 -0 -0 -0 -0 -0 -0 -0 -0 -0 -0 -0 -0 -0 -0 -0 -0 -0 -0 -0 -0 -0 -0 -0 -0 -0 -0 -0 -0 -0 -0 -0 -0 -0 -0 -0 -0 -0 -0 -0 -0 -0 -0 -0 -0 -0 -0 -0 -0 -0 -0 -0 -0 -0 -0 -0 -0 -0 -0 -0 -0 -0 -0 -0 -0 -0 -0 -0 -0 -0 -0 -0 -0 -0 -0 -0 -0 -0 -0 -0 -0 -0 -0 -0 -0 -0 -0 -0 0 -0 -0 -0 -0 -0 -0 -0 -0 -0 -0 -0 -0 -0 -0 -0 -0 -0 -0 -0 -0 -0 -0 -0 -0 -0 -0 -0 -0 -0 -0 -0 -0 -0 -0 -0 -0 -0 -0 -0 -0 -0 -0 -0 -0 -0 -0 -0 -0 -0 -0 -0 -0 -0 -0 -0 -0 -0 -0 -0 -0 -0 -0 -0 -0 -0 -0 -0 -0 -0 -0 -0 -0 -0 -0 -0 -0 -0 -0 -0 -0 -0 -0 -0 -0 -0 -0 -0 -0 -0 -0 -0 -0 -0 -0 -0 -0 -0 -0 -0 -0 -0 -0 -0 -0 -0 -0 -0 -0 -0 -0 -0 -0 -0 -0 -0 -0 -0 -0 -0 -0 -0 -0 -0 -1.66533e-16 -0 -0 -0 0.2 -0 -0 -0 -0 -0 -0 -0 -0 -0 -0 -0 -0 -0 -0 -0 -0 -0 -0 -0 -0 -0 -0 -0 -0 -0 -0 -0 -0 -0 -0 -0 -0 -0 -0 -0 -0 -0 -0 -0 -0 -0 -0 -0 -0 -0 -0 -0 -0 -0 -0 -0 -0 -0 -0 -0 -0 -0 -0 -0 -0 -0 -0 -0 -0 -0 -0 -0 -0 -0 -0 -0 -0 -0 -0 -0 -0 -0 -0 -0 -0 -0 -0 -0 -0 -0 -0 -0 -0 -0 -0 -0 -0 -0 -0 -0 -0 -0 -0 -0 -0 -0 -0 -0 -0 -0 -0 -0 -0 -0 -0 -0 -0 -0 -0 -0 -0 -0 -0 -0 -0 -0 -0 -0 -0 -0 -0 -0 -0 -0 -0 -0 -0 -0 -0 -0 -0 -0 -0 -0 -0 -0 -0 -0 -0 -0 -0 -0 -0 -0 -0 -0 -0 -0 -0 -0 -0 -0 -0 -0 -0 -0 -0 -0 0.4 -0 -0 -0 -0 -0 -0 -0 -0 -0 -0 -0 -0 -0 -0 -0 -0 -0 -0 -0 -0 -0 -0 -0 -0 -0 -0 -0 -0 -0 -0 -0 -0 -0 -0 -0 -0 -0 -0 -0 -0 -0 -0 -0 -0 -0 -0 -0 -0 -0 -0 -0 -0 -0 -0 -0 -0 -0 -0 -0 -0 -0 -0 -0 -0 -0 -0 -0 -0 -0 -0 -0 -0 -0 -0 -0 -0 -0 -0 -0 -0 -0 -0 -0 -0 -0 -0 -0 -0 -0 -0 -0 -0 -0 -0 -0 -0 -0 -0 -0 -0 -0 -0 -0 -0 1.11022e-16 -0 -0 -0 -0 -0 -0 -0 -0 -0 -0 -0 -0 -0 -0 -0 -0 -0 -0 -0 -0 -0 -0 -0 -0 -0 -0 -0 -0 -0 -0 -0 -0 -0 -0 -0 -0 -0 -0 -0 -0 -0 -0 -0 -0 -0 -0 -0 -0 -0 -0 -0 -0 -0 -0 -0 -0 -0 -0 -0 -0 -0 -0 -0 -0 -0 -0 -0 -0 -0 -0 -0 -0 -0 -0 -0 -0 -0 -0 -0 -0 -0 -0 -0 -0 -0 -0 -0 -0 -0 -0 -0 -0 -0 -0 -0 -0 -0 -0 -0 -0 -0 -0 -0 -0 -0 -0 -0 -0 -0 -0 -0 -0 -0 -0 -0 -0 -0 -0 -0 -0 -0 -0 -0 -0 -0 -0 -0 -0 -0 -0 -0 -0 -0 -0 -0 -0 -0 -0 -0 -0 -0 -0 -0 -0 -0 -0 -0 -0 -0 -0 -0 -0 -0 -0 -0 -0 -0 -0 -0 -0 -0 -0 -0 -0 -0 -0 -0 -0 -0 -0 -0 -0 -0 -0 -0 -0 -0 -0 -0 -0 -0 -0 -0 -0 -0 -0 -0 -0 -0 -0 -0 -0 -0 -0 -0 -0 -0 -0 -0 -0 -0 -0 -0 -0 -0 -0 -0 -0 -0 -0 -0 -0 -0 -0 -0 -0 -0 -0 -0 -0 -0 -0 -0 -0 -0 -0 0.4 -0 -0 -0 -0 -0 -0 -0 -0 -0 -0 -0 -0 -0 -0 -0 -0 -0 -0 -0 -0 -0 -0 -0 -0 -0 -0 -0 -0 -0 -0 -0 -0 -0 -0 -0 -0 -0 -0 -0 -0 -0 -0 -0 -0 -0 -0 -0 -0 -0 -0 -0 -0 -0 -0 -0 -0 -0 -0 -0 -0 -0 -0 -0 -0 -0 -0 -0 -0 -0 -0 -0 -0 -0 -0 -0 -0 -0 -0 -0 -0 -0 -0 -0 -0 -0 -0 1.11022e-16 -0 -0 -0 -0 -0 -0 -0 -0 -0 -0 -0 -0 -0 -0 -0 -0 -0 -0 -0 -0 -0 -0 -0 -0 -0 -0 -0 -0 -0 -0 -0 -0 -0 -0 -0 -0 -0 -0 -0 -0 -0 -0 -0 -0 -0 -0 -0 -0 -0 -0 -0 -0 -0 -0 -0 -0 -0 -0 -0 -0 -0 -0 -0 -0 -0 -0 -0 -0 -0 -0 -0 -0 -0 -0 -0 -0 -0 -0 -0 -0 -0 -0 -0 -0 -0 -0 -0 -0 -0 -0 -0 -0 -0 -0 -0 -0 -0 -0 -0 -0 -0 -0 -0 -0 -0 -0 -0 -0 -0 -0 -0 -0 -0 -0 -0 -0 -0 -0 -0 -0 -0 -0 -0 -0 -0 -0 -0 -0 -0 -0 -0 -0 -0 -0 -0 -0 0.4 -0 0.6 -0 -0 -0 -0 -0 -0 -0 -0 -0 -0 -0 -0 -0 -0 -0 -0 -0 -0 -0 -0 -0 -0 -0 -0 -0 -0 -0 -0 -0 -0 -0 -0 -0 -0 -0 -0 -0 -0 -0 -0 -0 -0 -0 -0 -0 -0 -0 -0 -0 
-0 -0 -0 -0 -0 -0 -0 -0 -0 -0 -0 -0 -0 -0 -0 -0 -0 -0 0 -0 -0 -0 -0 -0 -0 -0 -0 -0 -0 -0 -0 -0 0 -0 -0 -0 -0 -0 -0 -0 -0 -0 -0 -0 -0 -0 -0 -0 -0 -0 -0 -0 -0 -0 -0 -0 -0 -0 -0 -0 -0 -0 -0 -0 -0 -0 -0 -0 -0 -0 -0 -0 -0 -0 -0 -0 -0 -0 -0 -0 -0 -0 -0 -0 -0 -0 -0 -0 -0 -0 -0 -0 -0 -0 -0 -0 -0 -0 -0 -0 -0 -0 -0 -0 -0 -0 -0 -0 -0 -0 -0 -0 -0 -0 -0 -0 -0 -0 -0 -0 -0 -0 -0 -0 -0 -0 -0 -0 -0 -0 -0 -0 -0 -0 -0 -0 -0 -0 -0 -0 -0 -0 -0 -0 -0 -0 -0 -0 -0 -0 -0 -0 -0 -0 -0 -0 -0 -0 -0 -0 -0 -0 -0 -0 -0 -0 -0 -0 -0 -0 -0 -0 -0 -0 -0 -0 -0 -0 -0 -0 -0 -0 -0 -0 -0 -0 -0 -0 -0 -0 -0 -0 -0 -0 -0 -0 -0 -0 -0 -0 -0 -0 -0 -0 -0 -0 -0 -0 -0 -0 -0 -0 -0 -0 -0 -0 -0 -0 -0 -0 -0 -0 -0 -0 -0 -0 -0 -0 -0 -0 0.2 -0 -0 -0 -0 -0 -0 -0 -0 -0 -0 -0 -0 -0 -0 -0 -0 -0 -0 -0 -0 -0 -0 -0 -0 -0 -0 -0 -0 -0 -0 -0 -0 -0 -0 -0 -0 -0 -0 -0 -0 -0 -0 -0 -0 -0 -0 -0 -0 -0 -0 -0 -0 -0 -0 -0 -0 -0 -0 -0 -0 -0 -0 -0 -0 -0 -0 -0 -0 -0 -0 -0 -0 -0 -0 -0 -0 -0 -0 -0 -0 -0 -0 -0 -0 -0 -0 -0 -0 -0 -0 -0 -0 -0 -0 -0 -0 -0 -0 -0 -0 -0 -0 -0 -0 -0 -0 -0 -0 -0 -0 -0 -0 -0 -0 -0 -0 -0 -0 -0 -0 -0 -0 -0 -0 -0 -0 -0 -0 -0 -0 -0 -0 -0 -0 -0 -0 -0 -0 -0 -0 -0 -0 -0 -0 -0 -0 -0 -0 -0 -0 -0 -0 -0 -0 -0 -0 -0 -0 -0 -0 -0 -0 -0 -0 -0 -0 -0 -0 -0 -0 -0 -0 -0 -0 -0 -0 -0 -0 -0 -0 -0 -0 -0 -0 -0 -0 -0 -0 -0 -0 -0 -0 -0 -0 -0 -0 -0 -0 -0 -0 -0 -0 -0 -0 -0 -0 -0 -0 -0 -0 -0 -0 -0 -0 -0 -0 -0 -0 -0 -0 -0 -0 -0 -0 -0 -0 -0 -0 -0 -0 -0 -0 -0 -0 -0 -0 -0 -0 -0 -0 -0 -0 -0 -0 -0 -0 -0 -0 -0 -0 -0 -0 -0 -0 -0 -0 -0 -0 -0 -0 -0 -0 -0 -0 -0 -0 -0 -0 -0 -0 -0 -0 -0 -0 -0 -0 -0 -0 -0 -0 -0 -0 -0 -0 -0 -0 -0 -0 -0 -0 -0 -0 -0 -0 -0 -0 -0 -0 -0 -0 -0 -0 -0 -0 -0 -0 -0 -0 -0 -0 -0 -0 -0 -0 -0 -0 -0 -0 -0 -0 -0 -0 -0 -0 -0 -0 -0 -0 -0 -0 -0 -0 -0 -0 -0 -0 -0 -0 -0 -0 -0 -0 -0 -0 -0 -0 -0 -0 -0 -0 -0 -0 -0 -0 -0 -0 -0 -0 -0 -0 -0 -0 -0 -0 -0 -0 -0 -0 -0 -0 -0 -0 -0 -0 -0 -0 -0 -0 -0 -0 -0 -0 -0 -0 -0 -0 -0 -0 -0 -0 -0 -0 -0 -0 -0 -0 -0 -0 -0 -0 -0 -0 -0 -0 -0 1 -0 -0 -0 -0 -0 -0 -0 -0 -0 -0 -0 -0 -0 -0 -0 -0 -0 -0 -0 -0 -0 -0 -0 -0 -0 -0 -0 -0 -0 -0 -0 -0 -0 -0 -0 -0 -0 -0 -0 -0 -0 -0 -0 -0 -0 -0 -0 -0 -0 -0 -0 -0 -0 -0 -0 -0 -0 -0 -0 -0 -0 -0 -0 -0 -0 -0 -0 -0 -0 -0 -0 -0 -0 -0 -0 -0 -0 -0 -0 -0 -0 -0 -0 -0 -0 -0 -0 -0 -0 -0 -0 -0 -0 -0 -0 -0 -0 -0 -0 -0 -0 -0 -0 -0 -0 -0 -0 -0 -0 -0 -0 -0 -0 -0 -0 -0 -0 -0 -0 -0 -0 -0 -0 -0 -0 -0 -0 -0 -0 -0 -0 -0 -0 -0 -0 -0 -0 -0 -0 -0 -0 -0 -0 -0 -0 -0 -0 -0 -0 -0 -0 -0 -0 -0 -0 -0 -0 -0 -0 -0 -0 -0 -0 -0 -0 -0 -0 -0 -0 -0 -0 -0 -0 -0 -0 -0 -0 -0 -0 -0 -0 -0 -0 -0 -0 -0 -0 -0 -0 -0 -0 -0 -0 -0 -0 0.2 -0 -0 -0 -0 -0 -0 -0 -0 -0 -0 -0 -0 -0 -0 -0 -0 -0 -0 -0 -0 -0 -0 -0 -0 -0 -0 -0 -0 -0 -0 -0 -0 -0 -0 -0 -0 -0 -0 -0 -0 -0 -0 -0 -0 -0 -0 -0 -0 -0 -0 -0 -0 -0 -0 -0 -0 -0 -0 -0 -0 -0 -0 -0 -0 -0 -0 -0 -0 -0 -0 -0 -0 -0 -0 -0 -0 -0 -0 -0 -0 -0 -0 -0 -0 -0 -0 -0 -0 -0 -0 -0 -0 -0 -0 -0 -0 -0 -0 -0 -0 -0 -0 -0 -0 -0 -0 -0 -0 -0 -0 -0 -0 -0 -0 -0 -0 -0 -0 -0 -0 -0 -0 -0 -0 -0 -0 -0 -0 -0 0.8 -0 -0 -0 -0 -0 -0 -0 -0 -0 -0 -0 -0 -0 -0 -0 -0 -0 -0 -0 -0 -0 -0 -0 -0 -0 -0 -0 -0 -0 -0 -0 -0 -0 -0 -0 -0 -0 -0 -0 -0 -0 -0 -0 -0 -0 -0 -0 -0 -0 -0 -0 -0 -0 -0 -0 -0 -0 -0 -0 -0 -0 -0 -0 -0 -0 -0 -0 -0 -0 -0 -0 -0 -0 -0 -0 -0 -0 -0 -0 -0 -0 -0 -0 -0 -0 -0 -0 -0 -0 -0 -0 -0 -0 -0 -0 -0 -0 -0 -0 -0 -0 -0 -0 -0 -0 -0 -0 -0 -0 -0 -0 -0 -0 -0 -0 -0 -0 -0 -0 -0 -0 -0 -0 -0 -0 -0 -0 -0 -0 -0 -0 -0 -0 -0 -0 -0 -0 -0 -0 -0 -0 -0 -0 -0 -0 -0 -0 -0 -0 -0 -0 -0 -0 -0 -0 -0 -0 -0 -0 -0 -0 -0 -0 -0 -0 -0 -0 -0 -0 -0 -0 -0 -0 -0 -0 -0 -0 -0 -0 -0 -0 -0 -0 -0 -0 -0 -0 -0 -0 -0 -0 -0 -0 -0 -0 -0 -0 -0 -0 -0 -0 -0 -0 -0 -0 -0 -0 -0 -0 -0 -0 -0 -0 -0 -0 -0 -0 -0 -0 -0 -0 -0 -0 -0 -0 -0 -0 -0 -0 -0 -0 -0 0 -0 -0 -0 -0 -0 -0 -0 -0 -0 -0 -0 -0 -0 -0 -0 -0 -0 -0 -0 -0 -0 -0 -0 -0 -0 -0 -0 -0 -0 -0 -0 0 -0 -0 -0 -0 -0 -0 -0 -0 -0 -0 -0 -0 -0 -0 -0 -0 -0 -0 -0 -0 -0 -0 -0 -0 -0 -0 -0 -0 -0 -0 -0 -0 -0 -0 -0 -0 -0 -0 -0 -0 -0 -0 -0 -0 -0 -0 -0 -0 -0 -0 -0 -0 -0 -0 -0 -0 -0 0 -0 -0 -0 -0 -0 -0 -0 -0 -0 -0 -0 -0 -0 -0 -0 -0 -0 -0 -0 -0 -0 -0 -0 -0 -0 -0 -0 -0 -0 -0 -0 0.6 -0 -0 -0 -0 -0 -0 -0 -0 -0 -0 -0 -0 -0 -0 -0 -0 -0 -0 -0 -0 -0 -0 -0 -0 -0 -0 -0 -0 -0 -0 -0 -0 -0 -0 -0 -0 -0 -0 -0 -0 -0 -0 -0 -0 -0 -0 -0 -0 -0 -0 -0 -0 -0 -0 -0 -0 -0 -0 -0 -0 -0 -0 -0 -0 -0 -0 -0 -0 -0 -0 -0 -0 -0 -0 -0 -0 -0 -0 -0 -0 -0 -0 -0 -0 -0 -0 -0 -0 -0 -0 -0 -0 -0 -0 -0 -0 -0 -0 -0 -0 -0 -0 -0 -0 -0 -0 -0 -0 -0 -0 -0 -0 -0 -0 -0 -0 -0 -0 -0 -0 -0 -0 -0 -0 -0 -0 -0 -0 -0 -0 -0 -0 -0 -0 -0 -0 -0 -0 -0 -0 -0 -0 -0 -0 -0 -0 -0 -0 -0 -0 -0 -0 -0 -0 -0 -0 -0 -0 -0 -0 -0 -0 -0 -0 -0 -0 -0 -0 -0 -0 -0 -0 -0 -0 -0 -0 -0 -0 -0 -0 -0 -0 -0 -0 -0 -0 -0 -0 -0 -0 -0 -0 -0 -0 -0 -0 -0 -0 -0 -0 -0 -0 -0 -0 -0 -0 -0 -0 -0 -0 -0 -0 -0 -0 -0 -0 -0 -0 -0 -0 -0 -0 -0 -0 -0 -0 -0 -0 -0 -0 -0 -0 -0 -0 -0 -0 -0 -0 -0 -0 -0 -0 -0 -0 -0 -0 -0 -0 -0 -0 -0 -0 -0 -0 -0 -0 -0 -0 -0 -0 -0 -0 -0 -0 -0 -0 -0 -0 -0 -0 -0 -0 -0 -0 -0 -0 -0 -0 -0 -0 -0 -0 -0 -0 -0 -0 -0 -0 -0 -0 -0 -0 -0 -0 -0 -0 -0 -0 -0 -0 -0 -0 -0 -0 -0 0.4 0.2 -0 -0 0.4 -0 -0 -0 -0 -0 -0 -0 -0 -0 -0 -0 -0 -0 -0 -0 -0 -0 -0 -0 -0 -0 -0 -0 -0 -0 -0 -0 -0 -0 -0 -0 -0 -0 -0 -0 -0 -0 -0 -0 -0 -0 -0 -0 -0 -0 -0 -0 -0 -0 -0 -0 -0 -0 -0 -0 -0 -0 -0 -0 -0 -0 -0 -0 -0 -0 -0 -0 -0 -0 -0 -0 -0 -0 -0 -0 -0 -0 -0 -0 -0 -0 -0 -0 -0 -0 -0 -0 -0 -0 -0 -0 -0 -0 -0 -0 -0 -0 -0 -0 -0 -0 -0 0 -0 -0 -0 -0 -0 -0 -0 -0 -0 -0 -0 -0 -0 -0 -0 -0 -0 -0 -0 -0 -0 -0 -0 -0 -0 -0 -0 -0 -0 -0 -0 -0 -0 -0 -0 -0 -0 -0 -0 -0 -0 -0 -0 -0 -0 -0 -0 -0 -0 -0 -0 -0 -0 -0 -0 -0 -0 -0 -0 -0 -0 -0 -0 -0 -0 -0 -0 -0 -0 -0 -0 -0 -0 -0 -0 -0 -0 -0 -0 -0 -0 -0 -0 -0 -0 -0 -0 -0 -0 
-0 -0 -0 -0 -0 -0 -0 -0 -0 -0 -0 -0 -0 -0 -0 -0 -0 -0 -0 -0 -0 -0 -0 -0 -0 -0 -0 -0 -0 -0 -0 -0 0 -0 -0 -0 -0 -0 -0 -0 -0 -0 -0 -0 -0 -0 -0 -0 -0 -0 -0 -0 -0 -0 -0 -0 -0 -0 -0 -0 -0 -0 -0 -0 -0 -0 -0 -0 -0 -0 -0 -0 -0 -0 -0 -0 -0 -0 -0 -0 -0 -0 -0 -0 -0 -0 -0 -0 -0 -0 -0 -0 -0 -0 -0 -0 -0 -0 -0 -0 -0 -0 -0 -0 -0 -0 -0 -0 -0 -0 -0 -0 -0 -0 -0 -0 -0 -0 -0 -0 -0 -0 -0 1 -0 -0 -0 -0 -0 -0 -0 -0 -0 -0 -0 -0 -0 -0 -0 -0 -0 -0 -0 -0 -0 -0 -0 -0 -0 -0 -0 -0 -0 -0 -0 -0 -0 -0 -0 -0 -0 -0 -0 -0 -0 -0 -0 -0 -0 -0 -0 -0 -0 -0 -0 -0 -0 -0 -0 -0 -0 -0 -0 -0 -0 -0 -0 -0 -0 -0 -0 -0 -0 -0 -0 -0 -0 -0 -0 -0 -0 -0 -0 -0 -0 -0 -0 -0 -0 -0 -0 -0 -0 -0 -0 -0 -0 -0 -0 -0 -0 -0 -0 -0 -0 -0 -0 -0 -0 -0 -0 -0 -0 -0 -0 -0 -0 -0 -0 -0 -0 -0 -0 -0 -0 -0 -0 -0 -0 -0 -0 -0 -0 -0 -0 -0 -0 -0 -0 -0 -0 -0 -0 -0 -0 -0 -0 -0 0 -0 -0 -0 -0 -0 -0 -0 -0 -0 -0 -0 -0 -0 -0 -0 -0 -0 -0 -0 -0 -0 -0 -0 -0 -0 -0 -0 -0 -0 -0 -0 -0 -0 -0 -0 -0 -0 -0 -0 -0 -0 -0 -0 -0 -0 -0 -0 -0 -0 -0 -0 -0 -0 -0 -0 -0 -0 -0 -0 -0 -0 -0 -0 -0 -0 -0 -0 -0 -0 -0 -0 -0 -0 -0 -0 -0 -0 -0 -0 -0 -0 -0 -0 -0 -0 -0 -0 -0 -0 -0 -0 -0 -0 -0 -0 -0 -0 -0 -0 -0 -0 -0 -0 -0 -0 -0 -0 -0 -0 -0 -0 -0 -0 -0 -0 -0 -0 -0 -0 -0 -0 -0 -0 -0 -0 -0 -0 -0 -0 -0 -0 -0 -0 -0 -0 -0 -0 -0 -0 -0 -0 -0 -0 -0 -0 -0 -0 -0 -0 -0 -0 -0 -0 -0 -0 -0 -0 -0 -0 -0 -0 -0 -0 -0 -0 -0 -0 -0 -0 -0 -0 -0 0 -0 -0 -0 -0 -0 -0 -0 -0 -0 -0 -0 -0 -0 -0 -0 -0 -0 -0 -0 -0 -0 -0 -0 -0 -0 -0 -0 -0 -0 -0 -0 -0 -0 -0 -0 -0 -0 -0 -0 -0 -0 -0 -0 -0 -0 -0 -0 -0 -0 -0 -0 -0 -0 -0 -0 -0 -0 -0 -0 -0 -0 -0 -0 -0 -0 -0 -0 -0 -0 -0 -0 -0 -0 -0 -0 -0 -0 -0 -0 -0 -0 -0 -0 -0 -0 -0 -0 -0 -0 -0 -0 -0 -0 -0 -0 -0 -0 -0 -0 -0 -0 -0 -0 -0 -0 -0 -0 -0 -0 -0 -0 -0 -0 -0 -0 -0 -0 -0 -0 -0 -0 -0 -0 -0 -0 -0 -0 -0 -0 -0 -0 -0 -0 -0 -0 -0 -0 -0 -0 -0 -0 -0 -0 -0 -0 -0 -0 -0 -0 -0 -0 -0 -0 -0 -0 -0 -0 -0 -0 -0 -0 -0 -0 -0 -0 -0 -0 -0 -0 1 -0 -0 -0 -0 -0 -0 -0 -0 -0 -0 -0 -0 -0 -0 -0 -0 -0 -0 -0 -0 -0 -0 -0 -0 -0 -0 -0 -0 -0 -0 -0 -0 -0 -0 -0 -0 -0 -0 -0 -0 -0 -0 -0 -0 -0 -0 -0 -0 -0 -0 -0 -0 -0 -0 -0 -0 -0 -0 -0 -0 -0 -0 -0 -0 -0 -0 -0 -0 -0 -0 -0 -0 -0 -0 -0 -0 -0 -0 -0 -0 -0 -0 -0 -0 -0 -0 0 -0 -0 -0 -0 -0 -0 -0 -0 -0 -0 -0 -0 -0 -0 -0 -0 -0 -0 -0 -0 -0 -0 -0 -0 -0 -0 -0 -0 -0 -0 -0 -0 -0 -0 -0 -0 -0 -0 -0 -0 -0 -0 -0 -0 -0 -0 -0 -0 -0 -0 -0 -0 -0 -0 -0 -0 -0 -0 -0 -0 -0 -0 -0 -0 -0 -0 -0 -0 -0 -0 -0 -0 -0 -0 -0 -0 -0 -0 -0 -0 -0 -0 -0 -0 -0 -0 -0 -0 -0 -0 -0 -0 -0 -0 -0 -0 -0 -0 -0 -0 -0 -0 -0 -0 -0 -0 -0 -0 -0 -0 -0 -0 -0 -0 -0 -0 -0 -0 -0 -0 -0 -0 -0 -0 -0 -0 -0 -0 -0 -0 -0 -0 -0 0 -0 -0 -0 -0 -0 -0 -0 -0 -0 -0 -0 -0 -0 -0 -0 -0 -0 -0 -0 -0 -0 -0 -0 -0 -0 -0 -0 -0 -0 -0 -0 -0 -0 -0 -0 -0 -0 -0 -0 -0 -0 -0 -0 -0 -0 -0 -0 -0 -0 -0 -0 -0 -0 -0 -0 -0 -0 -0 -0 -0 -0 -0 -0 -0 -0 -0 -0 -0 -0 -0 -0 -0 -0 -0 -0 -0 -0 -0 -0 -0 -0 -0 -0 -0 -0 -0 -0 -0 -0 -0 -0 -0 -0 -0 -0 -0 -0 -0 -0 -0 -0 -0 -0 -0 -0 -0 -0 -0 -0 -0 -0 -0 -0 -0 -0 -0 -0 -0 -0 -0 -0 -0 -0 -0 -0 -0 -0 -0 -0 0 -0 -0 -0 -0 -0 -0 -0 -0 -0 -0 -0 -0 -0 -0 -0 -0 -0 -0 -0 -0 -0 -0 -0 -0 -0 -0 -0 -0 -0 -0 -0 -0 -0 -0 -0 -0 -0 -0 -0 -0 -0 -0 -0 -0 -0 -0 -0 -0 -0 -0 -0 -0 -0 -0 -0 -0 -0 -0 -0 -0 -0 -0 -0 -0 -0 -0 -0 -0 -0 -0 -0 -0 -0 -0 -0 -0 -0 -0 -0 -0 -0 -0 -0 -0 -0 -0 -0 -0 -0 -0 -0 -0 -0 -0 -0 -0 -0 -0 -0 -0 -0 -0 -0 -0 -0 -0 -0 -0 -0 -0 -0 -0 -0 -0 -0 -0 -0 -0 -0 -0 -0 -0 -0 -0 -0 -0 -0 -0 -0 -0 -0 -0 -0 -0 -0 -0 -0 -0 -0 -0 -0 -0 -0 -0 -0 -0 -0 -0 -0 -0 -0 -0 -0 -0 -0 -0 -0 -0 -0 -0 -0 -0 -0 -0 -0 -0 -0 -0 -0 -0 -0 -0 -0 -0 -0 -0 -0 -0 -0 -0 -0 -0 -0 -0 -0 -0 -0 -0 -0 -0 -0 -0 -0 -0 -0 -0 -0 -0 -0 -0 -0 -0 -0 -0 -0 -0 -0 -0 -0 -0 -0 -0 -0 -0 -0 -0 -0 -0 -0 -0 -0 -0 -0 -0 -0 -0 -0 -0 -0 -0 -0 -0 -0 -0 -0 -0 -0 -0 -0 -0 -0 -0 -0 -0 -0 -0 -0 -0 -0 -0 -0 -0 -0 -0 -0 -0 -0 -0 -0 -0 -0 -0 -0 -0 -0 -0 -0 -0 -0 -0 -0 -0 -0 -0 -0 -0 -0 -0 -0 -0 -0 -0 -0 -0 -0 -0 -0 -0 -0 -0 -0 -0 -0 -0 -0 -0 -0 -0 -0 -0 -0 -0 -0 -0 -0 -0 -0 -0 -0 -0 -0 -0 -0 -0 -0 -0 -0 -0 -0 1 -0 -0 -0 -0 -0 -0 -0 -0 -0 -0 -0 -0 -0 -0 0 -0 -0 -0 -0 -0 -0 -0 -0 -0 -0 -0 -0 -0 -0 -0 -0 -0 -0 -0 -0 -0 -0 -0 -0 -0 -0 -0 -0 -0 -0 -0 -0 -0 -0 -0 -0 -0 -0 -0 -0 -0 -0 -0 -0 -0 -0 -0 -0 -0 -0 -0 -0 -0 -0 -0 -0 -0 -0 -0 -0 -0 -0 -0 -0 -0 -0 -0 -0 -0 -0 -0 -0 -0 -0 -0 -0 -0 -0 -0 -0 -0 -0 -0 -0 -0 -0 -0 -0 -0 -0 -0 -0 -0 -0 -0 -0 -0 -0 -0 -0 -0 -0 -0 -0 -0 -0 -0 -0 -0 -0 -0 -0 -0 -0 -0 -0 -0 -0 -0 -0 -0 -0 -0 -0 -0 -0 -0 -0 -0 -0 -0 -0 -0 -0 -0 -0 -0 -0 -0 -0 -0 -0 -0 -0 -0 -0 -0 -0 -0 -0 -0 -0 -0 -0 -0 -0 -0 -0 -0 -0 -0 -0 -0 -0 -0 -0 -0 -0 -0 -0 -0 -0 -0 -0 -0 -0 -0 -0 -0 -0 -0 -0 -0 -0 -0 -0 -0 -0 -0 -0 -0 -0 -0 -0 -0 -0 -0 -0 -0 -0 -0 -0 -0 -0 -0 -0 -0 -0 -0 -0 -0 -0 -0 -0 -0 -0 -0 -0 -0 -0 -0 -0 -0 -0 -0 -0 -0 -0 -0 -0 -0 -0 -0 -0 -0 -0 -0 -0 -0 -0 -0 -0 -0 -0 -0 -0 -0 -0 -0 -0 -0 -0 -0 -0 -0 -0 -0 0 -0 -0 -0 -0 -0 -0 -0 -0 -0 -0 -0 -0 -0 -0 -0 -0 -0 -0 -0 -0 -0 -0 -0 -0 -0 -0 -0 -0 -0 -0 -0 -0 -0 -0 -0 -0 -0 -0 -0 -0 -0 -0 -0 -0 -0 -0 -0 -0 -0 -0 -0 -0 -0 -0 -0 -0 -0 -0 -0 -0 -0 -0 -0 -0 -0 -0 -0 -0 -0 -0 -0 -0 -0 -0 -0 -0 -0 -0 -0 -0 -0 -0 -0 -0 -0 -0 -0 -0 -0 -0 -0 -0 -0 -0 -0 -0 -0 -0 -0 -0 -0 -0 -0 -0 -0 -0 -0 -0 -0 -0 -0 -0 -0 -0 -0 -0 -0 -0 -0 -0 -0 -0 -0 -0 -0 -0 -0 -0 -0 -0 -0 -0 -0 -0 -0 -0 -0 -0 -0 -0 -0 -0 -0 -0 -0 -0 -0 -0 -0 -0 -0 -0 -0 -0 -0 -0 -0 -0 -0 -0 -0 -0 -0 -0 -0 -0 -0 -0 -0 -0 -0 -0 -0 -0 -0 -0 -0 -0 1 -0 -0 -0 -0 -0 -0 -0 -0 -0 -0 0 -0 -0 -0 -0 -0 -0 -0 -0 -0 -0 -0 -0 -0 -0 -0 -0 -0 -0 -0 -0 -0 -0 -0 -0 -0 -0 -0 -0 -0 -0 -0 -0 -0 -0 -0 -0 -0 -0 -0 -0 -0 -0 -0 -0 -0 -0 -0 -0 -0 -0 -0 -0 -0 -0 -0 -0 -0 -0 -0 -0 -0 -0 -0 -0 -0 -0 -0 -0 -0 -0 -0 -0 0 -0 
-0 -0 -0 -0 -0 -0 -0 -0 -0 -0 -0 -0 -0 -0 -0 -0 -0 -0 -0 -0 -0 0 -0 -0 0 -0 -0 -0 -0 -0 -0 -0 -0 -0 -0 -0 -0 -0 -0 -0 -0 -0 -0 -0 -0 -0 -0 -0 -0 -0 -0 -0 -0 -0 -0 -0 -0 -0 -0 -0 -0 -0 -0 -0 -0 -0 -0 -0 -0 -0 -0 -0 -0 -0 -0 -0 -0 -0 -0 -0 -0 -0 -0 -0 0 -0 -0 -0 -0 -0 -0 -0 -0 -0 -0 -0 -0 -0 -0 -0 -0 -0 -0 -0 -0 -0 -0 -0 -0 -0 -0 -0 -0 -0 -0 -0 -0 -0 -0 -0 -0 -0 -0 -0 -0 -0 -0 -0 -0 -0 -0 -0 -0 -0 -0 -0 -0 -0 -0 -0 -0 -0 -0 -0 -0 -0 -0 -0 -0 -0 -0 -0 -0 -0 -0 -0 -0 -0 -0 -0 -0 -0 -0 -0 -0 -0 -0 -0 -0 -0 -0 -0 -0 -0 -0 -0 -0 -0 -0 -0 -0 -0 -0 -0 -0 -0 -0 -0 -0 -0 -0 -0 -0 -0 -0 -0 -0 -0 -0 -0 -0 -0 -0 -0 -0 -0 -0 -0 -0 -0 -0 -0 -0 -0 -0 -0 -0 -0 -0 0 -0 -0 -0 -0 -0 -0 -0 -0 -0 -0 -0 1 -0 -0 -0 -0 -0 -0 -0 -0 -0 -0 -0 -0 -0 -0 -0 -0 -0 -0 -0 -0 -0 -0 -0 -0 -0 -0 -0 -0 -0 -0 -0 -0 -0 -0 -0 -0 -0 -0 -0 -0 -0 -0 -0 -0 -0 -0 -0 -0 -0 -0 -0 -0 -0 -0 -0 -0 -0 -0 -0 -0 -0 -0 -0 -0 -0 -0 -0 -0 -0 -0 -0 -0 -0 -0 -0 -0 -0 -0 -0 -0 -0 -0 -0 -0 -0 -0 -0 -0 -0 -0 -0 -0 -0 -0 -0 -0 -0 -0 -0 -0 -0 -0 -0 -0 -0 -0 -0 -0 -0 -0 -0 -0 -0 -0 -0 -0 -0 -0 -0 -0 -0 -0 -0 -0 -0 -0 -0 -0 -0 -0 -0 -0 -0 -0 -0 -0 -0 -0 -0 -0 -0 -0 -0 -0 -0 -0 -0 -0 -0 -0 -0 -0 -0 -0 -0 -0 -0 -0 -0 -0 -0 -0 -0 -0 -0 -0 -0 -0 -0 -0 -0 -0 -0 -0 -0 -0 -0 -0 -0 -0 -0 -0 -0 -0 -0 -0 -0 -0 -0 -0 -0 -0 -0 -0 -0 -0 -0 -0 -0 -0 -0 -0 -0 -0 -0 -0 -0 -0 -0 0 -0 -0 -0 -0 -0 -0 -0 -0 -0 -0 -0 -0 -0 -0 -0 -0 -0 -0 -0 -0 -0 -0 -0 -0 -0 1 -0 -0 -0 -0 -0 -0 -0 -0 -0 -0 -0 -0 -0 -0 -0 -0 -0 -0 -0 -0 -0 -0 -0 -0 -0 -0 -0 -0 -0 -0 -0 -0 -0 -0 -0 -0 -0 -0 -0 -0 -0 -0 -0 -0 -0 -0 -0 -0 -0 -0 -0 -0 -0 -0 -0 -0 -0 -0 -0 -0 -0 -0 -0 -0 -0 -0 -0 -0 -0 -0 -0 -0 -0 -0 -0 -0 -0 -0 -0 -0 -0 -0 -0 -0 -0 -0 -0 -0 -0 -0 -0 -0 -0 -0 -0 -0 -0 -0 -0 -0 -0 -0 -0 -0 -0 -0 -0 -0 -0 -0 -0 -0 -0 -0 -0 -0 -0 -0 -0 -0 -0 -0 -0 -0 -0 -0 -0 -0 -0 -0 -0 -0 -0 -0 -0 -0 -0 -0 -0 -0 -0 -0 -0 -0 -0 -0 -0 -0 -0 -0 -0 -0 -0 -0 -0 -0 -0 -0 -0 -0 -0 -0 -0 -0 -0 -0 -0 -0 -0 -0 -0 -0 -0 -0 -0 -0 -0 -0 -0 -0 -0 -0 0 -0 -0 -0 -0 -0 -0 -0 -0 -0 -0 -0 -0 -0 -0 -0 -0 -0 -0 -0 -0 -0 -0 -0 -0 -0 -0 -0 -0 -0 -0 -0 -0 -0 -0 -0 -0 -0 -0 -0 -0 -0 -0 -0 -0 -0 -0 -0 -0 -0 -0 -0 -0 -0 -0 -0 -0 -0 -0 -0 -0 -0 -0 -0 -0 -0 -0 -0 -0 -0 -0 -0 -0 -0 -0 -0 -0 -0 -0 -0 -0 -0 -0 -0 -0 -0 -0 -0 -0 -0 -0 -0 -0 -0 -0 -0 -0 -0 -0 -0 -0 -0 -0 -0 -0 -0 -0 -0 -0 -0 -0 -0 -0 -0 -0 -0 -0 -0 -0 -0 -0 -0 -0 -0 -0 -0 -0 -0 -0 -0 -0 -0 -0 -0 -0 -0 -0 -0 -0 -0 -0 -0 -0 -0 -0 -0 -0 -0 -0 -0 -0 -0 -0 -0 -0 -0 -0 -0 -0 -0 -0 -0 -0 -0 -0 -0 -0 -0 -0 -0 -0 -0 -0 -0 -0 -0 -0 -0 -0 -0 -0 -0 0 -0 -0 -0 -0 -0 -0 -0 -0 -0 -0 -0 -0 0 -0 -0 -0 -0 -0 -0 -0 -0 -0 -0 -0 -0 -0 -0 -0 -0 -0 -0 -0 -0 -0 -0 -0 -0 -0 -0 -0 -0 -0 -0 -0 -0 -0 -0 -0 -0 -0 -0 -0 -0 -0 -0 -0 -0 -0 -0 -0 -0 -0 -0 -0 -0 -0 -0 -0 -0 -0 -0 -0 -0 -0 -0 -0 -0 -0 -0 -0 -0 -0 -0 -0 -0 -0 -0 -0 -0 -0 -0 -0 -0 -0 -0 -0 -0 -0 -0 -0 -0 -0 -0 -0 -0 -0 -0 -0 -0 -0 -0 -0 -0 -0 -0 -0 -0 -0 -0 -0 -0 -0 -0 -0 -0 -0 -0 -0 -0 -0 -0 -0 -0 -0 -0 -0 -0 -0 -0 -0 -0 -0 -0 -0 -0 -0 -0 -0 -0 -0 -0 -0 -0 -0 -0 -0 -0 -0 -0 -0 -0 -0 -0 -0 -0 -0 -0 -0 -0 -0 -0 -0 -0 -0 -0 -0 -0 -0 -0 -0 -0 -0 -0 -0 -0 -0 -0 -0 -0 -0 -0 -0 -0 -0 -0 -0 -0 -0 -0 -0 -0 -0 -0 -0 -0 -0 -0 -0 -0 -0 -0 -0 -0 -0 -0 -0 -0 -0 -0 -0 -0 -0 -0 -0 -0 -0 -0 -0 -0 -0 -0 -0 -0 -0 -0 -0 -0 -0 -0 -0 -0 -0 -0 -0 -0 -0 -0 -0 -0 -0 -0 -0 -0 -0 -0 -0 -0 -0 -0 -0 -0 -0 -0 -0 -0 -0 -0 -0 -0 -0 -0 -0 -0 -0 -0 -0 -0 -0 -0 -0 -0 -0 -0 -0 -0 -0 -0 -0 -0 -0 -0 -0 -0 -0 -0 -0 -0 -0 -0 -0 -0 -0 -0 -0 -0 -0 -0 -0 -0 -0 -0 -0 -0 -0 -0 -0 -0 -0 -0 -0 -0 -0 -0 0 -0 -0 -0 -0 -0 -0 -0 -0 -0 -0 -0 -0 -0 -0 -0 -0 -0 -0 -0 -0 -0 -0 -0 -0 -0 -0 -0 -0 -0 -0 -0 -0 -0 -0 -0 -0 -0 -0 -0 -0 -0 -0 -0 -0 -0 -0 -0 -0 -0 -0 -0 -0 -0 -0 -0 -0 -0 -0 -0 -0 -0 -0 -0 -0 -0 -0 -0 -0 -0 -0 -0 -0 -0 -0 -0 -0 -0 -0 -0 -0 -0 -0 -0 -0 -0 -0 -0 -0 -0 -0 -0 -0 -0 -0 -0 -0 -0 -0 -0 -0 -0 -0 -0 -0 -0 -0 -0 -0 -0 -0 -0 -0 -0 -0 -0 -0 -0 -0 -0 -0 -0 -0 -0 -0 -0 -0 -0 -0 -0 -0 -0 -0 -0 -0 -0 -0 -0 -0 -0 -0 -0 -0 -0 -0 -0 -0 -0 0 -0 -0 -0 -0 -0 -0 -0 -0 -0 -0 -0 -0 -0 -0 -0 -0 -0 -0 -0 -0 -0 -0 -0 -0 -0 -0 -0 -0 -0 -0 -0 -0 -0 -0 -0 -0 -0 -0 -0 -0 -0 -0 -0 -0 -0 -0 -0 -0 -0 -0 -0 -0 -0 -0 -0 -0 -0 -0 -0 -0 -0 -0 -0 -0 -0 -0 -0 -0 -0 -0 -0 -0 -0 -0 -0 -0 -0 -0 -0 -0 -0 -0 -0 -0 -0 -0 -0 -0 -0 -0 -0 -0 -0 -0 -0 -0 -0 -0 -0 -0 -0 -0 -0 -0 -0 -0 -0 -0 -0 -0 -0 -0 -0 -0 -0 -0 -0 -0 -0 -0 -0 -0 -0 -0 -0 -0 -0 -0 -0 -0 -0 -0 -0 -0 -0 -0 -0 -0 -0 -0 -0 -0 -0 -0 -0 -0 -0 -0 -0 -0 -0 -0 -0 -0 -0 -0 -0 -0 -0 -0 -0 -0 -0 -0 -0 -0 -0 -0 -0 -0 -0 -0 -0 -0 -0 -0 -0 -0 -0 -0 -0 -0 -0 -0 -0 -0 -0 -0 -0 -0 -0 -0 -0 -0 -0 -0 -0 -0 -0 -0 -0 0 -0 -0 -0 -0 -0 -0 -0 -0 -0 -0 -0 -0 -0 -0 -0 -0 -0 -0 -0 -0 -0 -0 -0 -0 -0 -0 -0 -0 -0 -0 -0 -0 -0 -0 -0 -0 -0 -0 -0 -0 -0 -0 -0 -0 -0 -0 -0 -0 -0 -0 -0 -0 -0 -0 -0 -0 -0 -0 -0 -0 -0 -0 -0 -0 -0 -0 -0 -0 -0 -0 -0 -0 -0 -0 -0 -0 -0 -0 -0 -0 -0 -0 -0 -0 -0 -0 -0 -0 -0 -0 -0 -0 -0 -0 -0 -0 -0 -0 -0 -0 -0 -0 -0 -0 -0 -0 -0 -0 -0 -0 -0 1 -0 -0 -0 -0 -0 -0 -0 -0 -0 -0 -0 -0 -0 -0 -0 -0 -0 -0 -0 -0 -0 -0 -0 -0 -0 -0 -0 -0 -0 -0 -0 -0 -0 -0 -0 -0 -0 -0 -0 -0 -0 -0 -0 -0 -0 -0 -0 -0 -0 -0 -0 -0 -0 -0 -0 -0 -0 -0 -0 -0 -0 -0 -0 -0 -0 -0 -0 -0 -0 -0 -0 -0 -0 -0 -0 -0 -0 -0 -0 -0 -0 -0 -0 -0 -0 -0 -0 -0 -0 -0 -0 -0 -0 -0 -0 -0 -0 -0 -0 -0 -0 -0 -0 -0 -0 -0 -0 -0 -0 -0 -0 -0 -0 -0 -0 -0 -0 -0 -0 -0 -0 -0 -0 -0 -0 -0 -0 -0 -0 -0 -0 -0 -0 -0 -0 -0 -0 -0 -0 -0 -0 -0 -0 -0 -0 -0 -0 -0 -0 -0 -0 -0 -0 1 -0 -0 -0 -0 -0 -0 -0 -0 -0 -0 -0 -0 -0 -0 -0 -0 -0 -0 -0 -0 -0 -0 -0 -0 -0 -0 -0 -0 -0 -0 -0 -0 -0 -0 -0 -0 -0 -0 -0 -0 -0 -0 -0 -0 -0 -0 -0 
-0 -0 -0 -0 -0 -0 -0 -0 -0 -0 -0 -0 -0 -0 -0 -0 -0 -0 -0 -0 -0 -0 -0 -0 -0 -0 -0 -0 -0 -0 -0 -0 -0 -0 -0 -0 -0 -0 -0 -0 -0 -0 -0 -0 -0 -0 -0 -0 -0 -0 -0 -0 -0 -0 -0 -0 -0 -0 -0 -0 -0 -0 -0 -0 -0 -0 -0 -0 -0 -0 -0 -0 -0 -0 -0 -0 -0 -0 -0 -0 -0 -0 -0 -0 -0 -0 -0 -0 -0 -0 -0 -0 -0 -0 -0 -0 -0 -0 -0 0.166667 -0 -0 -0 -0 -0 -0 -0 -0 -0 -0 -0 -0 -0 -0 -0 -0 -0 -0 -0 -0 -0 -0 -0 -0 -0 -0 -0 -0 -0 -0 -0 -0 -0 -0 -0 -0 -0 -0 -0 -0 -0 -0 -0 -0 -0 -0 -0 -0 -0 -0 -0 -0 -0 -0 -0 -0 -0 -0 -0 -0 -0 -0 -0 -0 -0 -0 -0 -0 -0 -0 -0 -0 -0 -0 -0 -0 -0 -0 -0 -0 -0 -0 -0 -0 -0 -0 -0 -0 -0 -0 -0 -0 -0 -0 -0 -0 -0 -0 -0 -0 -0 -0 -0 -0 -0 -0 -0 -0 -0 -0 -0 -0 -0 -0 -0 -0 -0 -0 -0 -0 -0 -0 -0 -0 -0 -0 -0 -0 -0 -0 -0 0.166667 -0 -0 -0 -0 -0 -0 -0 -0 -0 -0 -0 -0 -0 -0 -0 -0 -0 -0 -0 -0 -0 -0 -0 -0 -0 -0 -0 -0 -0 -0 -0 -0 -0 -0 -0 -0 -0 -0 -0 -0 -0 -0 -0 -0 -0 -0 -0 -0 -0 -0 -0 -0 -0 -0 -0 -0 -0 -0 -0 -0 -0 -0 -0 -0 -0 -0 -0 -0 -0 -0 -0 -0 -0 -0 -0 -0 -0 -0 -0 -0 -0 -0 -0 -0 -0 -0 -0 -0 -0 -0 -0 -0 -0 -0 -0 -0 -0 -0 -0 -0 -0 -0 -0 -0 0 -0 -0 -0 -0 -0 -0 -0 -0 -0 -0 -0 -0 -0 -0 -0 -0 -0 -0 -0 -0 -0 -0 -0 -0 -0 -0 -0 -0 -0 -0 -0 -0 -0 -0 -0 -0 -0 -0 -0 -0 -0 -0 -0 -0 -0 -0 -0 -0 -0 -0 -0 -0 -0 -0 -0 -0 -0 -0 -0 -0 -0 -0 -0 -0 -0 -0 -0 -0 -0 -0 -0 -0 -0 -0 -0 -0 -0 -0 -0 -0 -0 -0 -0 -0 -0 -0 -0 -0 -0 -0 -0 -0 -0 -0 -0 -0 -0 -0 -0 -0 -0 -0 -0 -0 -0 -0 -0 -0 -0 -0 -0 -0 -0 -0 -0 -0 -0 -0 0.666667 -0 -0 -0 -0 -0 -0 -0 -0 -0 -0 -0 -0 -0 -0 -0 -0 -0 -0 -0 -0 0.166667 -0 -0 -0 -0 -0 -0 -0 -0 -0 -0 -0 -0 -0 -0 -0 -0 -0 -0 -0 -0 -0 -0 -0 -0 -0 -0 -0 -0 -0 -0 -0 -0 -0 -0 -0 -0 -0 -0 -0 -0 -0 -0 -0 -0 -0 -0 -0 -0 -0 -0 -0 -0 -0 -0 -0 -0 -0 -0 -0 -0 -0 -0 -0 -0 -0 -0 -0 -0 -0 -0 -0 -0 -0 -0 -0 -0 -0 -0 -0 -0 -0 -0 -0 -0 -0 -0 -0 -0 -0 -0 -0 -0 -0 -0 -0 -0 -0 -0 -0 -0 -0 -0 -0 -0 -0 -0 -0 -0 -0 -0 -0 -0 -0 -0 -0 -0 -0 -0 -0 -0 -0 -0 -0 -0 -0 -0 -0 -0 -0 -0 -0 -0 -0 -0 -0 -0 -0 -0 -0 -0 -0 -0 -0 -0 -0 -0 -0 -0 -0 -0 -0 -0 -0 -0 -0 -0 -0 -0 -0 -0 -0 -0 -0 -0 -0 -0 -0 -0 -0 -0 -0 -0 -0 0.166667 -0 -0 -0 -0 -0 -0 -0 -0 -0 -0 -0 -0 -0 -0 -0 -0 -0 -0 -0 -0 0 -0 -0 -0 -0 -0 -0 -0 -0 -0 -0 -0 -0 -0 -0 -0 -0 -0 -0 -0 -0 -0 -0 -0 -0 -0 -0 -0 -0 -0 -0 -0 -0 -0 -0 -0 -0 -0 -0 -0 -0 -0 -0 -0 -0 -0 -0 -0 -0 -0 -0 -0 -0 -0 -0 -0 -0 -0 -0 -0 -0 -0 -0 -0 -0 -0 -0 -0 -0 -0 -0 -0 -0 -0 -0 -0 -0 -0 -0 -0 -0 -0 -0 -0 -0 -0 -0 -0 -0 -0 -0 -0 -0 -0 -0 -0 -0 -0 -0 -0 -0 -0 -0 -0 -0 -0 -0 -0 -0 -0 -0 -0 -0 -0 -0 -0 -0 -0 -0 -0 -0 -0 -0 -0 -0 -0 -0 -0 -0 -0 -0 -0 -0 -0 -0 -0 -0 -0 -0 -0 -0 -0 -0 -0 -0 -0 -0 -0 -0 -0 -0 -0 -0 -0 -0 -0 -0 -0 -0 -0 -0 -0 -0 -0 -0 -0 -0 -0 -0 -0 -0 -0 -0 -0 -0 -0 -0 -0 -0 -0 -0 -0 -0 -0 -0 -0 -0 -0 -0 -0 -0 -0 -0 -0 -0 -0 -0 -0 -0 -0 -0 -0 -0 -0 -0 -0 -0 -0 -0 -0 -0 -0 -0 -0 -0 -0 -0 -0 -0 -0 -0 -0 -0 -0 -0 -0 -0 -0 -0 -0 -0 -0 -0 -0 -0 -0 -0 -0 -0 -0 -0 -0 -0 -0 -0 -0 -0 -0 -0 -0 -0 -0 -0 -0 -0 -0 -0 -0 -0 -0 -0 -0 -0 -0 -0 -0 -0 -0 -0 -0 -0 -0 -0 -0 -0 -0 -0 -0 -0 -0 -0 -0 -0 -0 -0 -0 -0 -0 -0 -0 -0 -0 -0 -0 -0 -0 -0 -0 -0 -0 -0 -0 -0 -0 -0 -0 -0 -0 -0 -0 -0 -0 -0 -0 -0 -0 -0 -0 -0 -0 -0 -0 -0 -0 -0 -0 -0 -0 -0 -0 -0 -0 -0 -0 -0 -0 -0 -0 -0 -0 -0 -0 -0 -0 -0 -0 -0 -0 -0 -0 -0 -0 -0 -0 -0 -0 -0 -0 -0 -0 -0 -0 -0 -0 -0 -0 -0 -0 -0 -0 -0 -0 -0 -0 -0 -0 -0 -0 -0 -0 -0 -0 -0 -0 -0 -0 -0 -0 -0 -0 -0 -0 -0 -0 -0 -0 -0 -0 -0 -0 -0 -0 -0 -0 -0 -0 -0 -0 -0 -0 -0 -0 -0 -0 -0 -0 -0 -0 -0 -0 -0 -0 -0 -0 -0 -0 -0 -0 -0 -0 -0 -0 -0 -0 -0 -0 -0 -0 -0 -0 -0 -0 -0 -0 -0 -0 -0 -0 -0 -0 -0 -0 -0 -0 -0 -0 -0 -0 -0 -0 -0 -0 -0 -0 -0 -0 -0 -0 -0 -0 -0 -0 -0 -0 -0 -0 -0 -0 -0 -0 -0 -0 -0 -0 -0 -0 -0 -0 -0 -0 -0 -0 -0 -0 -0 -0 -0 -0 -0 -0 -0 -0 -0 -0 -0 -0 -0 -0 -0 -0 -0 -0 -0 -0 -0 -0 -0 -0 -0 -0 -0 -0 -0 -0 -0 -0 -0 -0 0 -0 -0 -0 -0 -0 -0 -0 -0 -0 -0 -0 -0 -0 -0 -0 -0 -0 -0 -0 -0 -0 -0 -0 -0 -0 -0 -0 -0 -0 -0 -0 -0 -0 -0 -0 -0 -0 -0 -0 -0 -0 -0 -0 -0 -0 -0 -0 -0 -0 -0 -0 -0 -0 -0 -0 -0 -0 -0 -0 -0 -0 -0 -0 -0 -0 -0 -0 -0 -0 -0 -0 -0 -0 -0 -0 -0 -0 -0 -0 -0 -0 -0 -0 -0 -0 -0 -0 -0 -0 -0 -0 -0 -0 -0 -0 -0 -0 -0 -0 -0 -0 -0 -0 -0 -0 -0 -0 -0 -0 -0 -0 -0 -0 -0 -0 -0 -0 -0 -0 -0 -0 -0 -0 -0 -0 -0 -0 -0 -0 -0 -0 -0 -0 -0 -0 -0 -0 -0 -0 -0 -0 -0 -0 -0 -0 -0 -0 -0 -0 -0 -0 -0 -0 -0 -0 -0 -0 -0 -0 -0 -0 -0 -0 -0 -0 -0 -0 -0 -0 -0 -0 -0 -0 -0 -0 -0 -0 -0 -0 -0 -0 -0 -0 -0 -0 -0 -0 -0 -0 -0 -0 -0 -0 -0 -0 -0 -0 -0 -0 -0 -0 -0 -0 -0 -0 -0 -0 -0 -0 -0 -0 -0 -0 -0 -0 -0 -0 -0 -0 -0 -0 -0 -0 -0 -0 -0 -0 -0 -0 -0 -0 -0 -0 -0 -0 -0 -0 -0 -0 -0 -0 -0 -0 -0 -0 -0 -0 -0 -0 -0 -0 -0 -0 -0 -0 -0 -0 -0 -0 -0 -0 -0 -0 -0 -0 -0 -0 -0 -0 -0 -0 -0 -0 -0 -0 -0 -0 -0 -0 -0 -0 -0 -0 -0 -0 -0 -0 -0 -0 -0 1 -0 -0 -0 -0 -0 -0 -0 -0 -0 -0 -0 -0 -0 -0 -0 -0 -0 -0 -0 -0 -0 -0 -0 -0 -0 -0 -0 -0 -0 -0 -0 -0 -0 -0 -0 -0 -0 -0 -0 -0 -0 -0 -0 -0 -0 -0 -0 -0 -0 -0 -0 -0 -0 -0 -0 -0 -0 -0 -0 -0 -0 -0 -0 -0 -0 -0 -0 -0 -0 -0 -0 -0 -0 -0 -0 -0 -0 -0 -0 -0 -0 -0 -0 -0 -0 -0 -0 -0 -0 -0 -0 -0 -0 -0 -0 -0 -0 -0 -0 -0 -0 -0 -0 -0 -0 -0 -0 -0 -0 -0 -0 -0 -0 -0 -0 -0 -0 -0 -0 -0 -0 -0 -0 -0 -0 -0 -0 -0 -0 -0 -0 -0 -0 -0 -0 -0 -0 -0 -0 -0 -0 -0 -0 -0 -0 -0 -0 -0 -0 -0 -0 -0 -0 -0 -0 -0 -0 -0 -0 -0 -0 -0 -0 -0 -0 -0 -0 -0 -0 -0 -0 -0 -0 -0 -0 -0 -0 -0 -0 -0 -0 -0 -0 -0 -0 -0 -0 -0 -0 -0 -0 -0 -0 -0 -0 -0 -0 -0 -0 -0 -0 -0 -0 -0 -0 -0 -0 -0 -0 -0 -0 -0 -0 -0 -0 -0 -0 -0 -0 -0 -0 -0 -0 -0 -0 -0 -0 -0 -0 -0 -0 -0 -0 -0 -0 -0 -0 -0 -0 -0 -0 -0 0 -0 -0 -0 -0 -0 -0 -0 -0 -0 -0 -0 -0 -0 -0 -0 -0 -0 -0 -0 -0 -0 -0 -0 -0 -0 -0 -0 -0 -0 -0 -0 -0 -0 -0 -0 -0 -0 -0 -0 -0 -0 -0 -0 -0 -0 -0 -0 -0 -0 -0 -0 -0 -0 -0 0.5 -0 -0 -0 0.333333 0.166667 -0 -0 -0 -0 -0 -0 -0 -0 -0 -0 -0 -0 -0 -0 -0 -0 -0 -0 -0 -0 -0 0.5 -0 -0 -0 -0 
