17
7
0 1 2 3 4 5 6 
7
0 1 2 3 5 6 7 
7
0 1 2 5 6 9 10 
7
0 2 3 4 5 6 7 
7
0 2 3 4 6 7 8 
7
0 2 3 6 7 10 11 
7
0 3 4 5 7 8 9 
7
0 3 4 7 8 11 12 
7
0 4 5 6 7 8 9 
7
0 4 5 8 9 12 13 
7
0 6 7 10 11 14 15 
7
0 7 8 9 10 11 12 
7
0 7 8 9 11 12 13 
7
0 8 9 10 12 13 14 
7
0 9 10 11 12 13 14 
7
0 9 10 11 13 14 15 
7
0 10 11 12 13 14 15 
16
0.333333 0.0 0.333333 0.0 0.333333 0.0 0.333333 0.0 0.0 0.0 0.0 0.0 0.333333 0.0 0.0 0.0 0.666667
0.0 0.0 0.0 1.0 0.0 0.0 0.0 0.0 0.0 0.0 0.0 0.0 0.0 0.0 0.0 1.0 0.0
0.75 0.0 0.25 0.0 0.0 0.0 0.0 0.25 0.0 0.0 0.0 0.0 0.25 0.25 0.0 0.25 0.25
0.666667 0.0 0.0 0.0 0.0 0.0 0.333333 0.0 0.0 0.0 0.333333 0.0 0.333333 0.333333 0.0 0.0 0.333333
0.0 0.0 0.0 0.0 0.0 1.0 0.0 0.0 0.0 1.0 0.0 0.0 0.0 0.0 0.0 0.0 0.0
0.5 0.0 0.0 0.5 0.0 0.0 0.0 0.0 0.0 0.0 0.0 0.25 0.25 0.25 0.0 0.25 0.25
0.333333 0.333333 0.0 0.0 0.333333 0.0 0.0 0.0 0.0 0.333333 0.0 0.333333 0.0 0.0 0.0 0.333333 0.333333
0.0 0.333333 0.333333 0.0 0.333333 0.0 0.0 0.333333 0.0 0.333333 0.0 0.0 0.0 0.0 0.0 0.333333 0.333333
1.0 0.0 0.0 0.0 0.0 0.0 0.0 0.0 0.0 0.0 0.0 0.0 0.0 0.0 1.0 0.0 0.0
0.333333 0.333333 0.0 0.0 0.0 0.0 0.0 0.333333 0.0 0.333333 0.333333 0.0 0.0 0.333333 0.0 0.333333 0.0
0.5 0.166667 0.0 0.0 0.166667 0.0 0.166667 0.0 0.166667 0.0 0.0 0.166667 0.166667 0.166667 0.0 0.166667 0.5
0.25 0.25 0.0 0.0 0.25 0.0 0.25 0.0 0.0 0.25 0.25 0.0 0.0 0.0 0.0 0.5 0.25
1.0 0.0 0.0 0.0 0.0 0.0 0.0 0.0 0.0 0.0 0.0 0.25 0.25 0.25 0.0 0.25 0.25
1.0 0.0 0.0 0.0 0.0 0.0 0.0 0.0 0.0 0.0 0.0 0.0 0.0 0.0 0.0 0.0 1.0
0.333333 0.333333 0.0 0.0 0.0 0.0 0.0 0.333333 0.333333 0.0 0.0 0.0 0.0 0.333333 0.0 0.333333 0.333333
0.5 0.5 0.0 0.0 0.0 0.0 0.0 0.0 0.0 0.0 0.0 0.25 0.25 0.25 0.0 0.25 0.25
